2420
2421
2420
2421
2420
2421
2421
2421
2420
2420
2420
2420
2420
2421
2421
2420
2421
2420
2420
2420
2420
2420
2421
2421
2420
2421
2421
2420
2420
2421
2420
2420
2420
2421
2420
2420
2420
2420
2420
2421
2420
2420
2420
2420
2420
2420
2420
2420
2420
2421
2420
2421
2420
2420
2421
2421
2420
2421
2420
2420
2421
2420
2421
2420
2421
2420
2421
2420
2420
2420
2421
2421
2420
2420
2421
2421
2420
2420
2420
2421
2421
2421
2421
2420
2421
2421
2420
2420
2420
2420
2421
2420
2420
2420
2421
2420
2421
2420
2420
2421
