1
1.00000867701
1.00001181383
1.00000940864
1.00000146138
0.999987973853
0.99996894626
0.999944379788
0.999914270278
0.999878619167
0.999837424018
0.999790684206
0.99973839902
0.999680567666
0.999617191158
0.999548268531
0.999473798738
0.999393780647
0.999308209252
0.999217083251
0.999120405046
0.999018171274
0.998910382276
0.998797038308
0.998678153397
0.998553708093
0.998423700508
0.998288128666
0.99814699051
0.998000283899
0.997848006608
0.997690154431
0.997526726874
0.997357721459
0.997183135627
0.997002966736
0.996817215854
0.996625911732
0.996429014227
0.996226520364
0.996018428983
0.995804736944
0.995585437223
0.995360530314
0.995130012828
0.994893881292
0.994652171242
0.994404838053
0.994151878009
0.993893289208
0.993629067772
0.993359209736
0.993083711054
0.992802569503
0.992515778971
0.992223333266
0.99192522992
0.991621462578
0.991312028612
0.990996919596
0.990676134647
0.990349670896
0.990017521581
0.989679681767
0.989336148346
0.988986914316
0.9886319745
0.988271323646
0.98790495451
0.987532934377
0.98715518697
0.98677170672
0.986382487977
0.985987523105
0.985586808207
0.985180415136
0.9847682602
0.984350335451
0.983926636684
0.983497157706
0.983061894161
0.982620837788
0.982173980249
0.981721316957
0.98126292971
0.98079881306
0.980328872635
0.979853097798
0.979371483591
0.978884023061
0.978390709181
0.97789153485
0.977386490972
0.976875572216
0.976358771261
0.975836080708
0.975307493088
0.97477300278
0.974232600243
0.973686279713
0.973134031503
0.972575845852
0.972011714853
0.971441732277
0.970865792197
0.970283986706
0.969696205489
0.96910244029
0.968502682783
0.967896924575
0.967285278177
0.966667614093
0.966043923722
0.965414198396
0.96477842744
0.964136603985
0.963488848122
0.962835152246
0.962175508722
0.961509909826
0.960838347787
0.960160677182
0.959476888754
0.958786973178
0.958090923011
0.957388730744
0.95668038492
0.955965875962
0.955245192284
0.954518326128
0.953785265783
0.953046001423
0.952300525108
0.951548979522
0.95079134015
0.950027458846
0.949257325487
0.948480927939
0.947698257914
0.946909305116
0.94611405919
0.945312509725
0.944504644296
0.94369062177
0.942870266117
0.942043566704
0.941210510888
0.940371261456
0.939525791282
0.93867393434
0.937815679738
0.936951012603
0.936079923898
0.935202402578
0.934318437542
0.933428017645
0.932531131688
0.931627770393
0.930717920503
0.929801568704
0.928878705581
0.9279493197
0.927013577205
0.926071290955
0.925122447411
0.924167034963
0.923205225649
0.922236820167
0.921261810734
0.920280187553
0.919292147892
0.918297681616
0.917296564133
0.916288783517
0.915274325821
0.914253181027
0.913225337098
0.912190783944
0.911149507477
0.91010149357
0.909046732032
0.907985208671
0.906917145627
0.905842296296
0.904760650371
0.903672433435
0.902577395269
0.901475521504
0.900366803718
0.899251472909
0.898129518517
0.897000676854
0.895864937413
0.894722289664
0.893572721063
0.892416219042
0.891252771016
0.890082362381
0.888904980513
0.887720614767
0.886529246486
0.885330868997
0.884125469613
0.882913281822
0.881694046771
0.880467751739
0.879234383994
0.877993930789
0.876746379371
0.875492002457
0.87423050187
0.872962154492
0.871686659971
0.870404003526
0.869114172375
0.86781715173
0.866512930821
0.865201496868
0.863882837096
0.862556938728
0.861223788995
0.859883686684
0.858536307561
0.857181638877
0.855819665877
0.854450375832
0.853073758037
0.851689799784
0.850298488379
0.848899811145
0.847493753402
0.84608030452
0.844659451872
0.84323118487
0.841795488907
0.840352349403
0.838901753816
0.837443693668
0.835978154451
0.834505125724
0.833024949563
0.831537616074
0.830042754049
0.828540351156
0.827030395101
0.825512873621
0.823987774495
0.822455085537
0.820914794605
0.819367201632
0.817811982612
0.816249125534
0.814678618433
0.813100449391
0.811514606539
0.809921078062
0.808319852192
0.806711364252
0.805095153666
0.803471208839
0.801839520257
0.800200078466
0.798552870032
0.796897883608
0.795235107909
0.793564531719
0.791886145912
0.79019993537
0.788505891109
0.786804002199
0.785094257786
0.783376645075
0.781651155387
0.779917778106
0.778176500683
0.77642781843
0.7746716718
0.772907596276
0.771136041952
0.7693570018
0.767570002811
0.765775035099
0.763972090886
0.76216115847
0.760342226249
0.758515284738
0.756680326571
0.754837338457
0.752986313244
0.751127243893
0.749260121472
0.747384937159
0.745501682255
0.743610346172
0.741710924464
0.739803406793
0.737887780945
0.735964040845
0.734032178547
0.732092186238
0.730144058239
0.728187787008
0.726223365143
0.724251274212
0.722271018452
0.720282592889
0.718285988714
0.716281199259
0.714268216022
0.712247594929
0.710218771678
0.708181738247
0.706136490746
0.704083019499
0.702021318965
0.699951385753
0.697873214661
0.695786798688
0.693692134962
0.691589218812
0.689478043783
0.687358607543
0.685230905976
0.683094937124
0.680951379231
0.678799545084
0.67663942938
0.674471025067
0.672294335076
0.670109350815
0.667916075612
0.665714505203
0.663504639432
0.66128647641
0.65906066559
0.656826554658
0.654584142385
0.652333427771
0.650074410041
0.647807088654
0.645531465228
0.643247537764
0.64095530643
0.638654771633
0.63634593211
0.634028788765
0.631703344658
0.629369599286
0.627027556212
0.624677217353
0.622318584885
0.619951659357
0.61757716721
0.61519438988
0.612803330615
0.610403992937
0.607996380645
0.605580495945
0.603156345072
0.600723932675
0.59828326369
0.595834343344
0.593377175307
0.59091253414
0.588439657551
0.585958553806
0.58346922779
0.580971688373
0.578465942897
0.57595199902
0.573429862889
0.570899544618
0.56836105282
0.565814396434
0.563259582917
0.560696621868
0.558125525017
0.555546302627
0.552958965299
0.550363523975
0.547759988162
0.545148373045
0.542528688832
0.539900947856
0.537266019134
0.534623059754
0.531972084862
0.529313106475
0.526647012231
0.523973821066
0.521293652019
0.518605539362
0.515910489429
0.513208422052
0.510498456368
0.507780612505
0.505054905865
0.502321348872
0.499579964467
0.49683077092
0.494073786894
0.491309033111
0.488536529023
0.485756294481
0.48296834809
0.480172712155
0.477369406107
0.474559408682
0.471741788169
0.468916565236
0.466083762586
0.463243401739
0.460395507835
0.457540104837
0.454677210807
0.451806858445
0.448929071414
0.446043875378
0.443152300233
0.440253370671
0.437347112097
0.434434568509
0.431514751539
0.428587689433
0.42565341238
0.422711948003
0.419763325869
0.416807575988
0.413844728817
0.410874813789
0.407897862262
0.404913906039
0.40192297882
0.398925111864
0.395920339756
0.392908697514
0.389890217774
0.386864933641
0.383832881477
0.380795190594
0.377750803402
0.374699756216
0.371642085804
0.368577829394
0.365507024669
0.36242970977
0.359345923295
0.356256831162
0.353161349061
0.350059514342
0.346951366129
0.343836947854
0.340716299568
0.337589464309
0.334456481815
0.331317396027
0.328172248868
0.32502108517
0.321863948992
0.318700884848
0.315533007764
0.312359292294
0.309179784294
0.305994532384
0.302803581006
0.299606977363
0.296404771352
0.293197009927
0.289983741611
0.286765015368
0.283540879517
0.280311382835
0.277076577741
0.273836514943
0.270591245579
0.267341941326
0.26408753442
0.260828077257
0.257564751799
0.254297728584
0.251025815517
0.247750204105
0.244470951719
0.241186973414
0.23789832439
0.234605059334
0.231307235161
0.228004908266
0.224698135438
0.221386973851
0.21807148107
0.214751715037
0.211427734074
0.208099596875
0.204767362509
0.201431090407
0.19809084115
0.194746673337
0.191398648248
0.188046825996
0.184691268532
0.181332038122
0.17796919593
0.17460280417
0.171232925387
0.167859623116
0.164484061028
0.161106405491
0.15772551671
0.154341458738
0.150954296535
0.147564094733
0.144170917669
0.140774830558
0.137375898333
0.13397418731
0.130569763514
0.127162693231
0.123753042496
0.120340878109
0.116926268066
0.113509278691
0.110089976143
0.106668429504
0.103244706726
0.0998188759694
0.0963910059998
0.092961164988
0.0895294220638
0.0860958461607
0.0826605060498
0.0792234710318
0.0757848108902
0.0723458403421
0.0689053841516
0.0654635122028
0.0620202945204
0.0585758010154
0.0551301022203
0.05168326854
0.0482353702861
0.0447877298369
0.0413391665981
0.0378897511748
0.0344395545877
0.030988647495
0.0275371009293
0.0240849860968
0.0206323741375
0.017179336241
0.0137259437087
0.0102722677406
0.00681837959261
0.00336435062462
-8.9747830075e-05
-0.00354384443153
-0.00699786783878
-0.0104517467181
-0.01390540975
-0.0173587855806
-0.020811803065
-0.0242643908995
-0.0277164778923
-0.0311679929013
-0.034618864841
-0.03806902269
-0.0415183954978
-0.0449669123918
-0.0484145024045
-0.0518610946332
-0.0553066188675
-0.0587510046163
-0.062194181501
-0.065636079511
-0.0690766274805
-0.0725157561953
-0.0759533957957
-0.0793894768717
-0.0828239298774
-0.086256685097
-0.0896876732976
-0.0931168254191
-0.0965440725811
-0.0999693457056
-0.103392577072
-0.106813697979
-0.110231282767
-0.11364662134
-0.117059646063
-0.120470289985
-0.123878485461
-0.12728416554
-0.130687263014
-0.134087711925
-0.137485446067
-0.140880398949
-0.144272504875
-0.147661698985
-0.151047916142
-0.154431091489
-0.157811159847
-0.161188057542
-0.164561721225
-0.167932085937
-0.171297767148
-0.174658705016
-0.178014840083
-0.181366231947
-0.184714013242
-0.188058122315
-0.191398497851
-0.194735078123
-0.198067803243
-0.201395172605
-0.204718566992
-0.208037926059
-0.211353192222
-0.214664305029
-0.217971207675
-0.221273840397
-0.224570984979
-0.22786374579
-0.231152065905
-0.234435887894
-0.237715156497
-0.240989815041
-0.244259810003
-0.247525084554
-0.250785586015
-0.254041259278
-0.257292050588
-0.260537906602
-0.263778773395
-0.267014599444
-0.270244101335
-0.273468459129
-0.276687621588
-0.279901537905
-0.283110158754
-0.286313433117
-0.289511311467
-0.292703744709
-0.295890684182
-0.299072080544
-0.302247885995
-0.30541805431
-0.308582538573
-0.311741292315
-0.314894269505
-0.318041425732
-0.32118271468
-0.324318091651
-0.327447511191
-0.330570929488
-0.333688304403
-0.336799591793
-0.339904750438
-0.343003738331
-0.346096512649
-0.34918303228
-0.352263259123
-0.355337147816
-0.358404662483
-0.361465765134
-0.364520415607
-0.367568576833
-0.370610209536
-0.373645276218
-0.376673738478
-0.379695561079
-0.382710707874
-0.38571914317
-0.388720831719
-0.391715738724
-0.394703829836
-0.397683999506
-0.400657286379
-0.403623657459
-0.406583080193
-0.40953456259
-0.41247903328
-0.415416459585
-0.418346812198
-0.421270060784
-0.42418617396
-0.427095123754
-0.429996879636
-0.432891414522
-0.435778700251
-0.438657788526
-0.441529574556
-0.444394029946
-0.447251126714
-0.450100840398
-0.452943143846
-0.455778013455
-0.458605424477
-0.461425350999
-0.464237770689
-0.467042658449
-0.469839994391
-0.472629754231
-0.475411915695
-0.478185507254
-0.480951457531
-0.483709743837
-0.486460347155
-0.489203247228
-0.491938424196
-0.494665856929
-0.497385528009
-0.500097418746
-0.502801509158
-0.505497783001
-0.508186222738
-0.510866811206
-0.513539531623
-0.516204367577
-0.51886041907
-0.521508554784
-0.524148757699
-0.52678101288
-0.529405307484
-0.53202162556
-0.534629954992
-0.53723028053
-0.539822590773
-0.542406872921
-0.544983114519
-0.547551303454
-0.550111427957
-0.552663474818
-0.555207434719
-0.557743295109
-0.560271047342
-0.562790681314
-0.565302187246
-0.567805555679
-0.570300775665
-0.572787840196
-0.575266738944
-0.577737463713
-0.580200008439
-0.58265436371
-0.585100524083
-0.587538480741
-0.589968228846
-0.592389762017
-0.594803072313
-0.597208155784
-0.599605005061
-0.601993618635
-0.604373989697
-0.606746113578
-0.609109984014
-0.611465600633
-0.613812957715
-0.616152053558
-0.618482882968
-0.620805441002
-0.623119724867
-0.625425732025
-0.62772346209
-0.630012913035
-0.632294081174
-0.634566966882
-0.636831568866
-0.639087886079
-0.641335241421
-0.64357431088
-0.645805092193
-0.648027587171
-0.65024179593
-0.652447718811
-0.654645356379
-0.656834709416
-0.659015778924
-0.661188566118
-0.663353072426
-0.665509299484
-0.667657249136
-0.669796921482
-0.67192832072
-0.674051445394
-0.676166302054
-0.67827228166
-0.680369325687
-0.682458113242
-0.684538641844
-0.686610919007
-0.688674355116
-0.690729547729
-0.692776500971
-0.694815219139
-0.696845706706
-0.698867968311
-0.70088200876
-0.702887831047
-0.704885442284
-0.706874847766
-0.708855494918
-0.710827441565
-0.712790648795
-0.714745673568
-0.716692521936
-0.718631200099
-0.7205617144
-0.722484069328
-0.724398273501
-0.726304335671
-0.728202260737
-0.730092055726
-0.731973729793
-0.733846774265
-0.735711710687
-0.737568546594
-0.739417289638
-0.741257947594
-0.743090528354
-0.744915039925
-0.746731490428
-0.748539399897
-0.750339265032
-0.75213109428
-0.753914894184
-0.75569067742
-0.757458450732
-0.759218222977
-0.760970003109
-0.762713800177
-0.764449623324
-0.766177024463
-0.767896468367
-0.76960796646
-0.771311528238
-0.773007159247
-0.774694873185
-0.776374677775
-0.778046584858
-0.779710606349
-0.781366750204
-0.783015026468
-0.784655443244
-0.786288012738
-0.787912743188
-0.789529644917
-0.791138730337
-0.792740009897
-0.794333494112
-0.795919193553
-0.797497118852
-0.799067276654
-0.800629679724
-0.802184338859
-0.803731264907
-0.805270470789
-0.806801967452
-0.808325767912
-0.809841879165
-0.811350312296
-0.812851080454
-0.814344192785
-0.815829662519
-0.817307500903
-0.818777719218
-0.82024032676
-0.821695334882
-0.823142754968
-0.824582245024
-0.826014172015
-0.827438547415
-0.828855382717
-0.830264689446
-0.831666479149
-0.833060761375
-0.834447549737
-0.835826853825
-0.837198687292
-0.838563059768
-0.839919984936
-0.841269476496
-0.842611544123
-0.843946199524
-0.845273454415
-0.846593320528
-0.847905811616
-0.849210935391
-0.850508363293
-0.851798167855
-0.85308064253
-0.854355799079
-0.855623649264
-0.856884202832
-0.858137475576
-0.859383475227
-0.860622215561
-0.861853708332
-0.86307796328
-0.864294994163
-0.86550481272
-0.866707432695
-0.867902863799
-0.869091117745
-0.870272206238
-0.871446134938
-0.872612919547
-0.873772573736
-0.874925107149
-0.876070531421
-0.877208860177
-0.878340105019
-0.879464277528
-0.880581389269
-0.88169145379
-0.882794478604
-0.883890475213
-0.884979457097
-0.88606143571
-0.887136422482
-0.888204426815
-0.889265462087
-0.890319537651
-0.89136666483
-0.892406854916
-0.893440121174
-0.894466474838
-0.895485925116
-0.896498485175
-0.897504166151
-0.89850298314
-0.899494943221
-0.900480057431
-0.90145833677
-0.902429790209
-0.903394426684
-0.904352261069
-0.905303304211
-0.906247566921
-0.907185059972
-0.908115794091
-0.90903977798
-0.909957024273
-0.910867541587
-0.911771342471
-0.912668435455
-0.913558832996
-0.914442352163
-0.915319194739
-0.916189373041
-0.917052897351
-0.917909777908
-0.918760022919
-0.919603461293
-0.920440286357
-0.921270508149
-0.922094138634
-0.922911009149
-0.923721113825
-0.924524654912
-0.925321484138
-0.926111599256
-0.926895011574
-0.927671897158
-0.928442265559
-0.929206128246
-0.929963492687
-0.930714370236
-0.931458770216
-0.932196701897
-0.932928174489
-0.933653195174
-0.934371775012
-0.935083923036
-0.935789646252
-0.936488955536
-0.93718185974
-0.937868369622
-0.93854848998
-0.939222233404
-0.939889606537
-0.940550615956
-0.941205270137
-0.941853581419
-0.942495421271
-0.943130930947
-0.943760120624
-0.944383000413
-0.944999576439
-0.945609856723
-0.946213847261
-0.946811557895
-0.947402996445
-0.947988057771
-0.948566860501
-0.94913941225
-0.949705722515
-0.950265798772
-0.950819648426
-0.951367278812
-0.951908697197
-0.952443906876
-0.952972918876
-0.953495740249
-0.954012377977
-0.954522838971
-0.955027128124
-0.955525252202
-0.956017219845
-0.95650303573
-0.95698270835
-0.957456246125
-0.957923653509
-0.95838493683
-0.958840102341
-0.95928906398
-0.959731821033
-0.960168478599
-0.960599042628
-0.961023520936
-0.961441917382
-0.96185423769
-0.962260487507
-0.962660672407
-0.963054795944
-0.963442867414
-0.963824890219
-0.964200865747
-0.964570803062
-0.964934707271
-0.965292583404
-0.965644436416
-0.965990273116
-0.966330096365
-0.966663908944
-0.966991719361
-0.967313464674
-0.967629145403
-0.967938835482
-0.968242537296
-0.968540196403
-0.96883187758
-0.969117530092
-0.969397159068
-0.96967076953
-0.969938363419
-0.970199948627
-0.970455579175
-0.970705258656
-0.970948990583
-0.971186776456
-0.971418619625
-0.971644523356
-0.971864492765
-0.972078527098
-0.972286635164
-0.972488814118
-0.972685070675
-0.972875405684
-0.973059823767
-0.973238327538
-0.973410917598
-0.97357759832
-0.97373837207
-0.973893241129
-0.974042207698
-0.974185244428
-0.974322384743
-0.974453628668
-0.974578979994
-0.974698440506
-0.974812008056
-0.974919686185
-0.975021476429
-0.975117380238
-0.97520739898
-0.975291532015
-0.975369782469
-0.975442153382
-0.97550862959
-0.975569226318
-0.975623944431
-0.975672784712
-0.975715737184
-0.975752811215
-0.975784001951
-0.975809315225
-0.975828753325
-0.975842316532
-0.975850006964
-0.975851820887
-0.975847760253
-0.975837825006
-0.975822015008
-0.975800330036
-0.975772769785
-0.975739333862
-0.975700021796
-0.975654833029
-0.975603764995
-0.975546816969
-0.975484001293
-0.975415305847
-0.975340729656
-0.975260271662
-0.975173928797
-0.975081697908
-0.974983583459
-0.974879584058
-0.974769696302
-0.974653916707
-0.974532245553
-0.974404681116
-0.974271221585
-0.974131865066
-0.973986609586
-0.973835453085
-0.973678391496
-0.97351542452
-0.973346577244
-0.973171816034
-0.972991136491
-0.97280454184
-0.972612027519
-0.972413592735
-0.972209234687
-0.971998948567
-0.971782733337
-0.971560584021
-0.97133249942
-0.971098474394
-0.970858507581
-0.970612595608
-0.970360733092
-0.970102918427
-0.969839147998
-0.969569418108
-0.969293724979
-0.969012064754
-0.968724433494
-0.968430827181
-0.968131241717
-0.967825672923
-0.967514116542
-0.967196568234
-0.966873021648
-0.966543474221
-0.966207979405
-0.965866474521
-0.965518952901
-0.96516541167
-0.964805844001
-0.964440246864
-0.964068615212
-0.963690940049
-0.963307220048
-0.96291744993
-0.962521626276
-0.962119741717
-0.961711790742
-0.961297769706
-0.960877669068
-0.960451485029
-0.960019211775
-0.959580841475
-0.959136366221
-0.958685785801
-0.958229092155
-0.957766281039
-0.957297342301
-0.956822271547
-0.956341062365
-0.955853708272
-0.955360202707
-0.954860537094
-0.954354706674
-0.953842704672
-0.953324524239
-0.952800158455
-0.952269600326
-0.951732842789
-0.951189878711
-0.950640696985
-0.950085292288
-0.949523659224
-0.948955794285
-0.948381686082
-0.947801325107
-0.947214705694
-0.946621822107
-0.946022664633
-0.945417227404
-0.944805500573
-0.944187476179
-0.943563274349
-0.942932888404
-0.942296311618
-0.941653537205
-0.941004424517
-0.940348965208
-0.939687150869
-0.939018973027
-0.938344423144
-0.937663492623
-0.9369761728
-0.936282454951
-0.93558233029
-0.934875788006
-0.934162823121
-0.93344342667
-0.932717587657
-0.931985296996
-0.93124654554
-0.930501324085
-0.92974962337
-0.928991434072
-0.928226742874
-0.927455542312
-0.926677972031
-0.925894023917
-0.925103539819
-0.924306510088
-0.923502925019
-0.922692946804
-0.921876567234
-0.921053604926
-0.920224178014
-0.919388146533
-0.918545498491
-0.917696225809
-0.916840314415
-0.915977758111
-0.915108546688
-0.914232669891
-0.913350115434
-0.912460874952
-0.911564940034
-0.910662298256
-0.909752937145
-0.908836844186
-0.907914213095
-0.906984832976
-0.906048896945
-0.90510619057
-0.904156701127
-0.903200419831
-0.902237335869
-0.901267438389
-0.90029071451
-0.899307155295
-0.898316749782
-0.897319484976
-0.896315351837
-0.895304337301
-0.894286657673
-0.893262076448
-0.892230584461
-0.891192166521
-0.8901468134
-0.889094515842
-0.888035260563
-0.88696903425
-0.885895827566
-0.884815629144
-0.883728427594
-0.882634211503
-0.8815331932
-0.8804251375
-0.87931003292
-0.878187867959
-0.877058631092
-0.875922543584
-0.874779652291
-0.873629890912
-0.872473275742
-0.871309531012
-0.870138643101
-0.868960604395
-0.867775401247
-0.86658329656
-0.865384004175
-0.864177512419
-0.8629638076
-0.861742878033
-0.86051471202
-0.85927929786
-0.858036627876
-0.856786688347
-0.85552946756
-0.854264951788
-0.852993131333
-0.851713992467
-0.850427525495
-0.849133718709
-0.847832560406
-0.846524034854
-0.845208134394
-0.843884847342
-0.842554162023
-0.84121606677
-0.839870547912
-0.838517595825
-0.83715719686
-0.835789341423
-0.834414017917
-0.833031210723
-0.831640912316
-0.830243111156
-0.828837795723
-0.827424954518
-0.826004572026
-0.824576640838
-0.823141149532
-0.821698086712
-0.820247441016
-0.818789201108
-0.817323355684
-0.815849893477
-0.814368803249
-0.812880073804
-0.811383691959
-0.809879646592
-0.808368267958
-0.806849583815
-0.805323549189
-0.803789809304
-0.802248353263
-0.800699168197
-0.799142247351
-0.797577971766
-0.796006333466
-0.794426925515
-0.792839735313
-0.791244756381
-0.789641976236
-0.788031842107
-0.78641388414
-0.784788092061
-0.783154455664
-0.781512966828
-0.779864039485
-0.778207239761
-0.776542557732
-0.774869983545
-0.77318994283
-0.771501988603
-0.769806115282
-0.768102309301
-0.766390563226
-0.764670867689
-0.762943211395
-0.761207589181
-0.759463991946
-0.757712410681
-0.755952832449
-0.754185250441
-0.752409655935
-0.750626040314
-0.748834395058
-0.747034711753
-0.745226982089
-0.743411197864
-0.741587840804
-0.739756415283
-0.737916911433
-0.736069321507
-0.734213637875
-0.732349853026
-0.730477959574
-0.728597948256
-0.726709813934
-0.7248135496
-0.722909148374
-0.720996603513
-0.719075906414
-0.717147052595
-0.715210033733
-0.713264843636
-0.711311476258
-0.709349929669
-0.70738019613
-0.705402268054
-0.703416141972
-0.701422435772
-0.69942052136
-0.69741039376
-0.695392048157
-0.693365479901
-0.691330684508
-0.689287655693
-0.687236391283
-0.685176885341
-0.68310913604
-0.681033141727
-0.678948897008
-0.676856398634
-0.674755645499
-0.672646634725
-0.670529363625
-0.668403827757
-0.666270024826
-0.664127952735
-0.661977609588
-0.659818991752
-0.657652097742
-0.655476930157
-0.653294128032
-0.651103048726
-0.648903691605
-0.646696054323
-0.644480138611
-0.642255944494
-0.640023472227
-0.637782720378
-0.63553369349
-0.6332763906
-0.631010812894
-0.628736961797
-0.626454838978
-0.624164446351
-0.621865787974
-0.619558860576
-0.617243668716
-0.614920219092
-0.612588512996
-0.610248553868
-0.607900347286
-0.605543895346
-0.603179202287
-0.600806270753
-0.598425926941
-0.596038096444
-0.593642047029
-0.591237784312
-0.588825312349
-0.58640463918
-0.583975767604
-0.581538706236
-0.579093456651
-0.576640031718
-0.574178439111
-0.571708686806
-0.569230783087
-0.566744734734
-0.564250552465
-0.5617482455
-0.559237821577
-0.556719292351
-0.554192668003
-0.55165795725
-0.549115172713
-0.546564325555
-0.544005427273
-0.5414384897
-0.538863525009
-0.536280545713
-0.533689564667
-0.531090593327
-0.52848364699
-0.52586873956
-0.523245885293
-0.520615964342
-0.517978996078
-0.515334128342
-0.512681373394
-0.510020747288
-0.507352266447
-0.50467594936
-0.501991813189
-0.499299873789
-0.496600147404
-0.49389265568
-0.49117741563
-0.48845444632
-0.485723768859
-0.482985403083
-0.480239369223
-0.477485686267
-0.474724376865
-0.471955462433
-0.469178966401
-0.466394909371
-0.463603312363
-0.460804200004
-0.457997595727
-0.455183521794
-0.452362002466
-0.449533063985
-0.446696729872
-0.443853027187
-0.441002972577
-0.438145603599
-0.435280943935
-0.432409020761
-0.429529861681
-0.426643496234
-0.423749952869
-0.420849260467
-0.417941448336
-0.415026546218
-0.412104584286
-0.409175590223
-0.406239597995
-0.403296639084
-0.400346745405
-0.397390906623
-0.394428198605
-0.391459717276
-0.388484434014
-0.38550238291
-0.382513598497
-0.379519194785
-0.376518128573
-0.37351043571
-0.370496152484
-0.367475314282
-0.364447959632
-0.3614141235
-0.35837384661
-0.355327167478
-0.352274122462
-0.349214753568
-0.346149101931
-0.343077206563
-0.339999109471
-0.336914850576
-0.33382447151
-0.330728014347
-0.327625521603
-0.324517036242
-0.32140260046
-0.318282260502
-0.315156058274
-0.312024037333
-0.308886245197
-0.305742728622
-0.302593532491
-0.299438703281
-0.2962782879
-0.29311233369
-0.289940888425
-0.286763999215
-0.283581715786
-0.280394087197
-0.277201162931
-0.274002992895
-0.270799626378
-0.267591115166
-0.264377509406
-0.261158862701
-0.257935226038
-0.254706651817
-0.251473192848
-0.248234902348
-0.244993074566
-0.2417465223
-0.238495300879
-0.235239465085
-0.231979070092
-0.228715427409
-0.225447337372
-0.222174855414
-0.218898039085
-0.215616944593
-0.212331629374
-0.20904215288
-0.205748571635
-0.202450944167
-0.199149330147
-0.195843788804
-0.19253437971
-0.189221162785
-0.185904198287
-0.182583546086
-0.179259267834
-0.175931424784
-0.172601381123
-0.169269200931
-0.165933641457
-0.162594765824
-0.159252636791
-0.155907317417
-0.152558871057
-0.149208558693
-0.145855247121
-0.14249900052
-0.139141086006
-0.135780365827
-0.132416904399
-0.129050766941
-0.125682019438
-0.122310727593
-0.118936957353
-0.115560774427
-0.112182245695
-0.108802777349
-0.105421096846
-0.102037271212
-0.0986513676809
-0.0952634536832
-0.0918735968431
-0.088481864606
-0.0850883249761
-0.0816930464708
-0.0782960974235
-0.0748975460174
-0.0714974615128
-0.0680972675844
-0.0646956775535
-0.0612927610065
-0.0578885871159
-0.0544832251767
-0.0510767445999
-0.0476692149057
-0.0442607057169
-0.0408512867525
-0.0374410276572
-0.0340299984848
-0.0306182690654
-0.0272059095702
-0.0237943543337
-0.020382309287
-0.0169698445964
-0.0135570304019
-0.0101439369595
-0.00673063459351
-0.00331719356782
9.63157856947e-05
0.00350982315518
0.0069232582288
0.0103365506735
0.0137496302254
0.0171624266137
0.0205748696634
0.0239868890966
0.0273984148412
0.0308093766813
0.0342197045519
0.0376293283131
0.041038178317
0.0444461843902
0.0478532770968
0.051259386571
0.0546632067055
0.0580659046413
0.0614674107964
0.0648676561671
0.0682665713821
0.0716640877157
0.0750586320157
0.078450287588
0.0818389877251
0.0852260150984
0.0886113015677
0.091994778807
0.0953763793686
0.098754813384
0.102129893671
0.105501555197
0.108871071821
0.112238376377
0.115603402325
0.118966083342
0.122326352853
0.125684145453
0.129039395995
0.132392038574
0.13574200803
0.139089238375
0.142433666023
0.145775226574
0.149113855895
0.152449490122
0.155782065666
0.159111519222
0.162437788391
0.165760809818
0.169079335059
0.172393304779
0.175702660004
0.179007342139
0.182308468016
0.185605977552
0.188899810288
0.192189905354
0.195476202934
0.198757480071
0.202033680766
0.205305908004
0.208574102601
0.211838207317
0.215096899202
0.218351386563
0.221600353393
0.224845003416
0.228085278729
0.231321123514
0.234551236462
0.237776808756
0.240997785735
0.244214114049
0.24742573982
0.25063260861
0.253834666353
0.257031862263
0.260224143055
0.263411457802
0.266593756005
0.269770986574
0.2729430978
0.276110039396
0.279271762537
0.282428216713
0.285579351809
0.288725120262
0.291865472772
0.295000362634
0.298129743587
0.301253567571
0.304371788063
0.307483190007
0.310588897116
0.313688865329
0.31678304986
0.319871405172
0.322953886138
0.326030451649
0.329101056222
0.332164519893
0.335221939433
0.338273273091
0.341318480799
0.344357520425
0.347390350256
0.350416930271
0.353437220888
0.356451182959
0.35945878038
0.362459973579
0.365454726047
0.368442999065
0.371424755672
0.374399959345
0.377368572636
0.380330559882
0.383285887229
0.386234519888
0.389175361087
0.392109439762
0.395035668646
0.397955067507
0.400867603734
0.403773242281
0.406671955705
0.409563712686
0.412448482331
0.415326234173
0.418196939641
0.421060567639
0.423917088968
0.426766474849
0.42960869692
0.432443727236
0.435271536752
0.438092099873
0.4409053899
0.443710398615
0.446508082489
0.449298416062
0.452081374279
0.454856930924
0.457625061744
0.460385744469
0.463138088861
0.465882937445
0.468620267569
0.471350058584
0.474072288631
0.47678693624
0.479493980327
0.482193401828
0.484885178798
0.487569291305
0.490245719795
0.492914445094
0.495575446739
0.498228709633
0.500873322495
0.503510159578
0.506138320828
0.508758672414
0.511371196055
0.51397587722
0.516572700039
0.519161647282
0.521742707218
0.524315863313
0.526881101097
0.529437637211
0.531986225699
0.534526856608
0.53705951509
0.539584186625
0.542100860532
0.544609524703
0.547110165591
0.549602773509
0.552087337322
0.554563846214
0.557032289688
0.559491863807
0.561943350991
0.564386741674
0.566822026597
0.569249198614
0.571668249073
0.574079169622
0.576481950383
0.578875824827
0.581261546384
0.583639106036
0.586008496883
0.588368889191
0.590721101919
0.593065129009
0.595400966529
0.597728607115
0.600048045524
0.602359274916
0.604662294307
0.606957097379
0.609243678067
0.611522034306
0.613792162412
0.616054058951
0.618307720737
0.620552456519
0.622788267958
0.625015156974
0.627233125672
0.629442176379
0.631642979642
0.633835533939
0.636019836067
0.638195288101
0.640362488191
0.64252143571
0.644672130244
0.646814571595
0.648948755924
0.651074687306
0.653192364236
0.65530179121
0.657402344373
0.659494647746
0.661578702557
0.663654510226
0.665722072366
0.667781390777
0.669832467449
0.671875304552
0.673909904441
0.675936269648
0.677954402883
0.679964307031
0.681965983189
0.683959436542
0.685944668521
0.687921684649
0.689890488646
0.691851084397
0.69380347594
0.6957476655
0.6976836594
0.699611462143
0.701531076401
0.703442508951
0.705345226672
0.707239772899
0.709126150871
0.711004369918
0.712874431567
0.714736345424
0.716590115263
0.718435744989
0.72027324261
0.72210261228
0.723923862261
0.725736998941
0.727542028831
0.729338956557
0.73112779086
0.732908538592
0.734681206718
0.736445798311
0.738202324553
0.739950790727
0.741691202217
0.743423140897
0.745147042108
0.746862915541
0.748570766969
0.750270606271
0.751962441412
0.753646280446
0.755322131514
0.756990002843
0.758649900733
0.760301833579
0.761945811867
0.763581842138
0.76520993705
0.766830103292
0.76844235166
0.770046688988
0.771643124197
0.773231668293
0.774812328314
0.776385111363
0.777949619935
0.779506272098
0.781055079173
0.782596046486
0.784129185473
0.78565450359
0.787172012382
0.788681723449
0.7901836444
0.791677784913
0.793164154715
0.794642765599
0.79611362536
0.797576743855
0.799032130987
0.800479794672
0.801919412556
0.803351325053
0.804775216643
0.806191425083
0.807599962507
0.809000839061
0.810394064919
0.811779648262
0.813157597298
0.814527926328
0.815890645633
0.817245763492
0.818593292254
0.819933244287
0.821265625912
0.822590449534
0.823907725551
0.825217462358
0.826519670384
0.827814362094
0.82910154592
0.830381234349
0.831653435834
0.832918160859
0.834175421932
0.835425229549
0.836667592188
0.837902520355
0.839130026573
0.84035012135
0.841562815193
0.842768118608
0.84396604008
0.845156590111
0.846339781215
0.847515621868
0.848683868146
0.849844480569
0.850997776101
0.852143765196
0.853282187228
0.854413325769
0.855537189221
0.856653787988
0.857763132462
0.858864972568
0.859959579165
0.861046962589
0.862127133162
0.863200101187
0.864265874931
0.865324464658
0.866375882619
0.867420137021
0.868457240067
0.869487201925
0.870510032736
0.87152574061
0.872534335636
0.873535823862
0.874530221348
0.875517536089
0.876497780067
0.877470963227
0.878437093472
0.879396178676
0.880348232697
0.881293265346
0.882231284396
0.883162303593
0.884086328635
0.885003371193
0.885913438893
0.886816543329
0.88771269405
0.888601900571
0.889484172361
0.890359518849
0.891227951424
0.892089479429
0.89294410817
0.8937918489
0.894632710835
0.895466701146
0.896293832946
0.897114113315
0.897927551282
0.898734155827
0.899533935883
0.900326900333
0.901113058011
0.901892417699
0.902664988133
0.903430607557
0.90418945506
0.904941537224
0.905686860584
0.9064254356
0.907157272678
0.907882380179
0.908600766409
0.909312439617
0.910017406012
0.910715543505
0.911406990418
0.912091756758
0.912769848505
0.913441275546
0.914106043745
0.914764160888
0.915415638668
0.916060482767
0.916698700791
0.917330300286
0.917955288731
0.918573673547
0.919185462091
0.919790661659
0.920389279481
0.92098119404
0.921566414012
0.922144947974
0.922716928502
0.923282364476
0.923841258782
0.924393622143
0.924939461262
0.925478776854
0.926011577466
0.926537871576
0.927057665617
0.927570963984
0.928077771004
0.928578098823
0.929071951629
0.92955933551
0.930040256489
0.930514720515
0.930982733468
0.931444301157
0.931899429318
0.932348123617
0.932790389651
0.933226232939
0.933655658933
0.934078671041
0.934495276537
0.93490548065
0.935309288538
0.935706703322
0.936097731976
0.936482379437
0.936860650565
0.937232550147
0.937598004945
0.937957095587
0.938309828597
0.938656206498
0.938996233698
0.939329918456
0.939657261104
0.939978265822
0.940292938679
0.940601283699
0.940903304832
0.941199005952
0.941488386932
0.941771455414
0.942048216996
0.94231867328
0.942582827751
0.942840683814
0.943092194134
0.943337412625
0.943576342457
0.943808984763
0.94403534647
0.944255381601
0.944469094349
0.944676488803
0.944877611955
0.945072468377
0.945261058646
0.945443385214
0.945619448497
0.945789250789
0.945952798215
0.94611008704
0.946261123229
0.946405908754
0.946544445507
0.946676735294
0.94680275253
0.94692250057
0.947036006594
0.947143270132
0.947244294546
0.947339081158
0.947427631213
0.947509945871
0.947586026213
0.947655871284
0.947719482003
0.947776859204
0.947828003643
0.947872917947
0.947911602707
0.947944060388
0.947970289464
0.947990290283
0.948004065062
0.948011610079
0.948012927388
0.948008018965
0.947996882795
0.947979518734
0.94795592656
0.947926105965
0.947890056561
0.947847775926
0.947799265462
0.947744524538
0.947683552441
0.947616348375
0.947542909508
0.947463236836
0.947377331277
0.947285189756
0.947186809115
0.947082190026
0.94697132917
0.946854227057
0.946730882158
0.946601292867
0.946465457496
0.946323374277
0.946175039402
0.946020483565
0.945859674089
0.945692608883
0.94551928382
0.94533970056
0.945153852861
0.944961740268
0.944763358332
0.944558708394
0.944347785846
0.944130587957
0.943907111919
0.943677352882
0.943441309838
0.94319897582
0.942950351619
0.942695434031
0.942434219772
0.942166705479
0.941892885753
0.941612755112
0.94132631388
0.941033556423
0.940734480949
0.940429083628
0.940117362515
0.939799311663
0.939474927012
0.939144272174
0.938807344293
0.938464069981
0.938114444873
0.937758464529
0.937396124433
0.937027419993
0.936652346543
0.93627089934
0.935883073569
0.935488860407
0.935088260787
0.934681265734
0.934267872106
0.933848072747
0.933421864363
0.932989243592
0.932550205026
0.932104739254
0.931652840721
0.931194505778
0.930729728729
0.930258501839
0.929780910016
0.929296959828
0.928806646723
0.928309966097
0.92780680579
0.927297268569
0.926781349622
0.926259044096
0.925730237731
0.925195034879
0.924653430486
0.924105303746
0.923550649986
0.922989458535
0.922421724585
0.921847439308
0.921266593813
0.920679309776
0.920085581656
0.919485403852
0.918878770723
0.918265545845
0.917645721924
0.917019293582
0.916386251417
0.915746587948
0.915100295632
0.914447364878
0.913787788024
0.91312156131
0.91244867695
0.911769127097
0.911082899881
0.910389987337
0.909690377476
0.908984220954
0.908271354892
0.907551771099
0.906825463321
0.906092423256
0.905352642549
0.90460611478
0.903852829498
0.903092778184
0.90232595028
0.901552339156
0.900771934145
0.899984726525
0.899190709513
0.898389874284
0.897582209971
0.896767709645
0.895946362338
0.895118161031
0.894283094659
0.893441156108
0.892592338219
0.891736629796
0.89087402159
0.89000450431
0.889128068625
0.888244705158
0.887354404491
0.886457382199
0.885553403786
0.884642459719
0.883724540422
0.882799638285
0.881867741654
0.880928840839
0.879982926116
0.879029987728
0.878070015879
0.877103002749
0.876128936468
0.875148030234
0.874160051073
0.873164983009
0.872162822078
0.87115355626
0.870137387082
0.869114329583
0.86808437564
0.867047278625
0.866003028399
0.864951833214
0.863893464508
0.862827912075
0.861755163672
0.860675211061
0.85958804397
0.85849365211
0.857392023161
0.856283148812
0.855167018723
0.854043622537
0.852912947869
0.851774984335
0.850629721539
0.849477153104
0.848317268616
0.847150053614
0.845975499681
0.844793594358
0.843604329213
0.84240769581
0.841203681674
0.839992513068
0.838774181393
0.837548435686
0.83631526953
0.835074668426
0.833826623938
0.832571125615
0.831308160989
0.830037717595
0.828759791062
0.8274743649
0.826181432734
0.824880982134
0.823573002706
0.822257484068
0.820934415852
0.819603789726
0.818265595354
0.816919818373
0.81556645253
0.814205487543
0.812836913158
0.811460719143
0.810076895287
0.808685431406
0.807286315325
0.805879826889
0.804465668123
0.803043826941
0.801614295332
0.800177063298
0.798732120877
0.797279788542
0.795819726096
0.794351923693
0.792876371527
0.791393059838
0.789901976887
0.788403115022
0.786896458557
0.785382003976
0.78385974175
0.782329662408
0.780791756527
0.779246012721
0.7776924237
0.776130980212
0.774561671047
0.772984489091
0.771399423258
0.769806466563
0.768205610068
0.766596846921
0.764980166307
0.763355559501
0.761723017844
0.760082532759
0.758434093727
0.756777694336
0.755113326243
0.753440981184
0.751760648969
0.750072323515
0.748376448906
0.746672565276
0.744960658778
0.743240727701
0.741512764407
0.739776755345
0.738032699084
0.736280588283
0.7345204097
0.732752162202
0.730975838761
0.729191432458
0.727398936483
0.725598342143
0.72378964485
0.721972838138
0.720148369661
0.718315779341
0.716475059083
0.714626204897
0.71276921093
0.710904071459
0.709030780888
0.707149335743
0.705259728714
0.703361948669
0.701455996501
0.699542354049
0.697620529974
0.695690519657
0.693752316657
0.6918059206
0.68985132338
0.687888520986
0.685917511531
0.683938291323
0.681950856828
0.679955202714
0.67795132774
0.675939228872
0.673918901293
0.671890342312
0.669853553321
0.667808528082
0.665755266389
0.663693766268
0.661624023988
0.659546039893
0.65745981257
0.655365340803
0.653262621633
0.651151656168
0.649032443782
0.646904985977
0.64476928061
0.642625325747
0.640473123506
0.638312674298
0.636143978746
0.633967039605
0.631781856025
0.62958842929
0.627386759006
0.625176848812
0.622958700673
0.620732316788
0.61849769959
0.616254851751
0.614003776182
0.611744472272
0.609476941547
0.60720119329
0.604917231398
0.602625058152
0.600325389583
0.598018234375
0.595702884248
0.593379344386
0.591047620243
0.588707717535
0.586359640409
0.584003396975
0.581638993772
0.579266435787
0.576885731952
0.574496887826
0.572099911085
0.569694809691
0.567282359274
0.564862500775
0.562434545678
0.559998503121
0.557554380746
0.555102191883
0.552641944791
0.550174443684
0.547698903928
0.545215338281
0.542723758043
0.540224176597
0.537716602358
0.535201049351
0.532677530167
0.53014605773
0.527606645291
0.525059304702
0.522504051625
0.519940902048
0.517369868852
0.514790965272
0.5122042049
0.509609606797
0.507007185262
0.504396958342
0.501778941056
0.499153150473
0.496519605699
0.493878322851
0.491229321751
0.488572619258
0.485908234268
0.483236187693
0.480556499166
0.47787010022
0.475176100095
0.472474516309
0.46976537486
0.467048694049
0.464324497395
0.461592805601
0.45885364136
0.456107030923
0.453352996181
0.450591561002
0.447822749648
0.445046585227
0.442263094358
0.439472302507
0.436674235543
0.433868919739
0.431056381778
0.428236650262
0.425409749672
0.422575710921
0.419734559343
0.416886325166
0.414031037542
0.411169738874
0.408301446714
0.405426191453
0.402544003903
0.399654915297
0.396758958718
0.393856164813
0.390946567498
0.388030198282
0.38510708912
0.382177275184
0.379240790676
0.376297668854
0.373347946146
0.370391658037
0.367428840442
0.364459531041
0.361484847476
0.358504830959
0.355519645447
0.35252811766
0.349530284743
0.346526186858
0.343515862031
0.34049935126
0.337476693448
0.334448944078
0.331415130878
0.328375294044
0.325329474221
0.322277714911
0.319220060028
0.316156551511
0.313087232924
0.310012149425
0.306931344253
0.303844863392
0.300752750945
0.297655052584
0.294551814402
0.291443081797
0.288328903902
0.285209328045
0.282084399813
0.278954169515
0.275818684655
0.272677995262
0.269532149677
0.266381198717
0.263225191549
0.260064179771
0.256898214364
0.253728555916
0.250554046364
0.247374738815
0.244190684845
0.241001938313
0.237808551588
0.234610579269
0.23140807541
0.228201094435
0.224989691144
0.221773920702
0.21855383607
0.215329496558
0.212100957575
0.20886827573
0.205631507173
0.202390710822
0.199145942748
0.195898408571
0.192647020047
0.189391835817
0.186132914853
0.182870316453
0.179604100233
0.17633432613
0.173061054392
0.169784346254
0.166504261899
0.163220861835
0.159934207532
0.156644362005
0.15335138666
0.150055343811
0.146756296639
0.143454307417
0.140149439272
0.136841755595
0.133531320034
0.130218195958
0.12690244804
0.123584140162
0.120263336469
0.116940102312
0.113614502778
0.110286602724
0.106956468559
0.103624165995
0.10028976054
0.0969533187175
0.0936149068305
0.0902745913674
0.086933767519
0.0835911733814
0.0802468762743
0.0769022750344
0.0735574376686
0.0702124322521
0.066865993517
0.0635181885467
0.0601690851132
0.0568187513522
0.0534672552628
0.0501146651682
0.0467610488686
0.0434064748761
0.0400510117674
0.0366947280172
0.0333390334283
0.0299826552759
0.0266270040583
0.0232721483989
0.0199168155463
0.0165610739958
0.0132049926936
0.00984864040641
0.00649208591468
0.00313539817612
-0.00022001123912
-0.00357407397597
-0.00692806338099
-0.0102819106155
-0.0136355468683
-0.0169889033483
-0.0203419113585
-0.0236945020175
-0.0270466069037
-0.0303981572892
-0.0337490845934
-0.0370993202945
-0.040447578694
-0.0437950087408
-0.047141542159
-0.0504871107581
-0.0538316462363
-0.0571750803633
-0.0605173456707
-0.0638583741287
-0.0671980985619
-0.0705364511666
-0.0738733645228
-0.0772087710511
-0.0805426039021
-0.0838747960797
-0.0872052804072
-0.0905339901882
-0.0938608585316
-0.0971858194383
-0.100508807112
-0.103829755567
-0.107148599005
-0.110465271826
-0.113779708626
-0.117091844209
-0.120401613592
-0.12370895153
-0.127013793467
-0.130316073565
-0.133615729751
-0.136912698182
-0.140206915257
-0.143498318177
-0.146786843294
-0.150072427768
-0.153355009027
-0.156634524767
-0.159910912341
-0.163184110614
-0.166454058118
-0.169720693674
-0.172983956394
-0.176243785689
-0.17950012127
-0.182752903156
-0.18600207096
-0.18924756604
-0.192488177658
-0.195723736035
-0.198955446199
-0.202183250144
-0.205407090197
-0.208626909022
-0.211842649624
-0.215054255354
-0.21826166991
-0.221464837342
-0.224663700345
-0.227857081681
-0.231046049643
-0.234230549731
-0.237410527815
-0.240585931047
-0.243756705125
-0.246922796103
-0.250084152285
-0.253240722376
-0.256392454518
-0.259539298222
-0.262681201423
-0.265818113432
-0.268949982936
-0.272076760023
-0.27519839621
-0.278314842389
-0.281426049857
-0.284531970308
-0.287632556921
-0.290727762212
-0.29381753582
-0.296901832155
-0.299980606061
-0.303053810559
-0.306121402474
-0.30918333679
-0.312239566597
-0.31529004886
-0.31833474098
-0.321373598425
-0.324405447503
-0.327431374466
-0.330451338433
-0.333465300189
-0.336473214809
-0.339475043948
-0.342470747218
-0.345460284655
-0.348443616712
-0.351420704273
-0.354391508639
-0.357355991539
-0.360314115123
-0.363265841965
-0.366211135064
-0.369149953838
-0.372082266134
-0.375008037568
-0.377927230119
-0.380839810256
-0.383745746263
-0.386645001338
-0.389537541853
-0.392423334601
-0.395302343972
-0.398174540415
-0.401039890549
-0.403898362828
-0.406748907685
-0.409591499301
-0.412427123223
-0.415255749593
-0.418077346017
-0.420891884925
-0.423699339164
-0.426499679018
-0.429292878162
-0.432078910692
-0.434857748087
-0.437629363736
-0.44039373143
-0.443150826896
-0.445900621635
-0.448643090622
-0.451378209225
-0.45410595477
-0.456826303413
-0.459539231698
-0.462244716556
-0.464942735306
-0.467633265645
-0.470316285654
-0.472991773793
-0.475658875713
-0.478317575056
-0.48096868088
-0.48361217152
-0.486248027312
-0.488876230605
-0.49149676247
-0.494109602681
-0.49671473636
-0.499312142323
-0.501900932628
-0.504481094995
-0.50705348065
-0.509618071478
-0.512174854795
-0.51472381317
-0.517264931211
-0.519798192153
-0.522323582997
-0.524841089367
-0.527350698948
-0.529852396292
-0.532346169754
-0.534832004531
-0.537309889636
-0.539779812653
-0.542241757969
-0.544695717324
-0.547141673945
-0.549579620213
-0.552009545276
-0.554431436807
-0.556844505959
-0.559249525293
-0.561646485175
-0.564035372665
-0.56641617871
-0.568788898162
-0.571153518927
-0.573510032816
-0.575858433743
-0.578198715911
-0.580530870146
-0.582854889381
-0.585170766819
-0.587478494095
-0.58977806863
-0.592069482588
-0.594352730237
-0.596627806106
-0.598894703126
-0.601153416334
-0.603403941022
-0.605645690544
-0.607879243107
-0.610104596618
-0.612321747355
-0.614530691837
-0.616731426821
-0.618923951181
-0.621108260254
-0.62328435149
-0.62545222257
-0.627611873293
-0.629763299886
-0.63190649879
-0.63404147047
-0.636167570816
-0.638285441947
-0.640395083061
-0.642496493564
-0.644589671147
-0.646674617541
-0.648750712215
-0.650818576152
-0.652878211685
-0.65492961748
-0.656972794321
-0.659007741249
-0.661034461357
-0.663052955988
-0.665063222774
-0.667065267305
-0.669059091455
-0.671044697274
-0.673022086981
-0.674991264918
-0.676952233642
-0.678904993917
-0.680849548623
-0.682785900801
-0.684713497058
-0.68663289557
-0.688544099842
-0.690447113528
-0.692341942403
-0.694228590417
-0.696107063638
-0.697977364327
-0.699839496863
-0.701693465758
-0.703539275661
-0.705376931356
-0.707206439737
-0.709027803865
-0.710841028908
-0.712646120164
-0.714443081061
-0.716231919124
-0.71801264001
-0.719785249495
-0.721549751474
-0.723306153942
-0.72505446301
-0.726794245551
-0.728525945382
-0.730249572929
-0.731965132727
-0.733672631411
-0.735371610182
-0.737062079194
-0.738744505861
-0.740418897199
-0.742085260313
-0.743743606408
-0.745393940763
-0.747036270748
-0.748670200667
-0.750296141324
-0.751914100334
-0.753524085389
-0.75512610426
-0.756720166802
-0.758306278922
-0.759884450624
-0.761454689966
-0.763017003065
-0.764571400131
-0.766117887409
-0.767656473226
-0.769187165966
-0.77070997206
-0.772224902028
-0.773731964433
-0.775231165874
-0.776722517038
-0.77820602665
-0.779681701462
-0.781149550298
-0.782609577992
-0.784061797498
-0.785506219796
-0.78694285187
-0.788371704786
-0.789792787629
-0.791206109524
-0.792611677612
-0.794009503112
-0.795399595256
-0.796781963306
-0.798156614539
-0.799523560304
-0.800882809957
-0.802234029788
-0.80357757238
-0.804913447166
-0.806241663601
-0.807562231162
-0.808875159348
-0.810180455657
-0.81147812558
-0.812768178673
-0.814050628552
-0.815325168306
-0.816592124098
-0.817851507558
-0.819103328304
-0.820347595964
-0.821584320174
-0.822813510578
-0.824035176823
-0.825249326545
-0.826455971425
-0.827655121124
-0.828846781264
-0.830030965552
-0.831207681629
-0.832376939158
-0.83353874982
-0.834693123269
-0.835840069156
-0.836979595107
-0.838111712779
-0.839236431803
-0.840353761798
-0.841463712377
-0.842566049085
-0.84366076155
-0.844748121437
-0.845828138304
-0.846900821694
-0.847966183149
-0.84902423218
-0.850074978277
-0.851118430914
-0.852154599543
-0.853183493599
-0.854205120478
-0.855219491586
-0.856226618301
-0.85722650997
-0.858219173893
-0.859204617348
-0.860182849603
-0.861153881908
-0.862117723476
-0.863074383486
-0.864023666336
-0.864965785934
-0.865900747344
-0.866828563644
-0.867749243859
-0.868662792955
-0.869569211851
-0.870468521526
-0.871360730863
-0.872245846703
-0.87312387986
-0.873994841115
-0.874858735185
-0.875715572771
-0.876565362527
-0.877408113064
-0.878243832955
-0.879072532731
-0.879894216867
-0.880708893807
-0.881516573951
-0.882317265653
-0.883110977222
-0.883897716919
-0.88467749296
-0.885450311512
-0.886216182694
-0.88697511458
-0.88772711519
-0.888472192498
-0.889210356426
-0.889941612847
-0.890665971581
-0.891383440395
-0.892093876766
-0.892797277498
-0.893493664261
-0.8941831877
-0.894865855315
-0.895541676542
-0.89621065677
-0.896872805326
-0.897528129483
-0.898176636457
-0.898818331413
-0.899453223445
-0.90008132159
-0.900702626848
-0.901317152125
-0.901924902292
-0.902525884149
-0.903120104441
-0.903707571841
-0.904288290978
-0.904862268409
-0.905429508642
-0.9059900201
-0.906543807163
-0.907090878128
-0.907631239237
-0.908164896664
-0.908691856526
-0.909212124867
-0.909725707672
-0.910232610854
-0.910732838278
-0.911226397715
-0.91171329488
-0.912193535423
-0.912667124927
-0.913134068903
-0.91359437478
-0.914048045952
-0.914495087726
-0.914935507322
-0.915369305946
-0.915796490677
-0.916217064564
-0.916631036529
-0.917038409479
-0.917439186249
-0.917833287032
-0.91822080106
-0.918601734916
-0.918976093127
-0.919343880152
-0.919705098394
-0.920059756125
-0.920407855603
-0.920749400993
-0.921084394408
-0.921412841843
-0.921734747243
-0.922050114478
-0.92235894932
-0.922661253511
-0.922957030697
-0.923246284449
-0.923529020239
-0.92380523951
-0.924074943632
-0.924338139824
-0.924594827328
-0.924845011235
-0.925088694587
-0.925325880347
-0.925556571404
-0.925780770568
-0.925998480573
-0.926209657656
-0.926414305826
-0.926612474549
-0.926804164277
-0.926989375379
-0.927168114072
-0.927340380572
-0.927506175019
-0.927665503394
-0.927818365681
-0.927964763755
-0.928104699417
-0.928238172417
-0.928365186369
-0.928485744809
-0.928599849222
-0.928707499042
-0.92880869757
-0.928903442109
-0.928991715685
-0.929073520503
-0.929148876576
-0.929217782863
-0.929280242191
-0.929336242081
-0.929385798447
-0.929428898411
-0.929465543751
-0.929495737427
-0.929519481181
-0.929536776689
-0.929547625531
-0.929552029539
-0.929549990743
-0.92954150715
-0.9295265826
-0.929505214944
-0.929477403919
-0.929443147216
-0.929402446386
-0.929355300931
-0.929301712244
-0.929241677695
-0.929175196551
-0.929102269967
-0.929022897047
-0.92893708818
-0.928844830952
-0.928746122258
-0.928640960889
-0.928529345553
-0.928411274884
-0.928286749404
-0.928155765616
-0.928018349738
-0.927874501477
-0.927724187886
-0.92756741107
-0.927404167137
-0.927234452121
-0.927058265919
-0.926875606378
-0.926686471268
-0.926490856307
-0.926288796994
-0.926080254958
-0.925865227659
-0.925643712478
-0.92541570672
-0.925181205641
-0.924940258414
-0.92469281207
-0.924438863609
-0.924178409951
-0.923911447945
-0.923637974361
-0.923358037103
-0.923071581584
-0.922778602372
-0.922479097912
-0.922173064601
-0.921860498757
-0.921541455597
-0.921215872323
-0.920883743051
-0.920545063806
-0.920199828557
-0.919848102644
-0.919489816364
-0.919124963468
-0.918753541591
-0.918375544335
-0.917990971173
-0.917599815564
-0.917202072876
-0.916797738405
-0.916386807373
-0.915969353747
-0.915545293803
-0.915114618591
-0.914677325034
-0.914233409987
-0.913782868253
-0.913325694566
-0.912861881607
-0.912391425955
-0.911914320151
-0.91143056064
-0.910940141814
-0.91044316489
-0.909939519228
-0.909429197032
-0.90891219243
-0.908388499482
-0.907858112182
-0.907321024455
-0.906777230167
-0.906226857625
-0.905669766067
-0.905105949167
-0.904535400534
-0.903958111723
-0.903374078209
-0.902783293411
-0.902185752681
-0.901581445334
-0.900970368594
-0.900352513645
-0.899727873601
-0.899096443515
-0.898458354417
-0.897813618589
-0.89716223073
-0.896504167379
-0.895839441232
-0.895167880279
-0.894489626942
-0.893804524088
-0.89311256227
-0.892413735985
-0.891708037675
-0.890995457732
-0.890275986492
-0.889549618237
-0.888816345198
-0.888076161553
-0.887329059431
-0.886575030913
-0.885814068023
-0.88504616274
-0.884271306997
-0.883489490671
-0.882700866724
-0.881905267841
-0.881102685767
-0.880293112198
-0.879476538786
-0.878652957138
-0.877822358818
-0.876984733341
-0.876140072183
-0.875288562224
-0.874430196686
-0.873564948844
-0.872692632921
-0.871813240197
-0.870926759907
-0.870033185265
-0.869132507437
-0.868224717554
-0.867309804701
-0.866387761949
-0.865458580324
-0.864522248807
-0.863578760369
-0.86262810594
-0.861670276415
-0.86070546403
-0.859733458291
-0.858754250007
-0.857767829962
-0.856774186897
-0.855773313557
-0.854765200644
-0.853749838839
-0.852727458468
-0.851697808524
-0.850660879621
-0.849616666382
-0.848565155347
-0.847506335052
-0.846440200063
-0.845366742917
-0.844285952095
-0.843197818084
-0.842102331354
-0.840999478324
-0.839889251456
-0.838771643202
-0.837646641963
-0.836514240171
-0.835374428227
-0.834227472104
-0.833073364386
-0.831912097648
-0.830743664502
-0.829568057551
-0.828384981048
-0.827194425375
-0.825996382933
-0.824790844105
-0.823577801297
-0.822357242876
-0.821129161254
-0.819893542787
-0.818650379899
-0.817399662999
-0.816141382507
-0.814875530873
-0.813602096517
-0.81232106989
-0.811032441458
-0.809736199679
-0.808432335049
-0.807120840103
-0.805801705371
-0.804474921405
-0.803140476755
-0.801798364038
-0.80044857185
-0.799091090832
-0.797725915698
-0.796353035122
-0.794972439831
-0.79358412058
-0.792188066136
-0.790784265299
-0.789373071623
-0.787954115413
-0.786527753385
-0.785093612837
-0.783651684781
-0.782201960268
-0.780744768545
-0.779280103163
-0.777807957758
-0.776327980835
-0.774840163683
-0.773344495624
-0.771840972083
-0.770329584503
-0.768810322368
-0.767283177234
-0.765748140714
-0.764205202469
-0.762654354233
-0.761095589819
-0.759528899076
-0.757954651284
-0.756372461202
-0.754782320895
-0.753184224518
-0.751578164283
-0.749964561807
-0.748342980254
-0.746713412068
-0.745075849774
-0.743430283973
-0.741776709361
-0.740115118713
-0.738445506896
-0.736767862853
-0.73508218163
-0.733388456361
-0.731686680277
-0.729976844704
-0.728258945063
-0.726532972882
-0.724798923782
-0.723056791495
-0.721306567862
-0.71954824882
-0.717781826432
-0.716007786696
-0.714225632218
-0.712435359383
-0.710636960719
-0.708830432845
-0.707016228265
-0.705193884263
-0.703363395844
-0.701524760124
-0.699677970386
-0.6978235439
-0.695960952526
-0.694090193906
-0.692211265819
-0.690324697238
-0.6884305494
-0.686528218786
-0.684618246552
-0.682700084645
-0.680774281148
-0.678840281694
-0.676898083276
-0.674947683048
-0.67298907832
-0.671022266564
-0.669047817338
-0.667065154782
-0.665074278819
-0.66307518565
-0.661067875538
-0.659052348919
-0.657028602525
-0.654996637148
-0.652956449889
-0.650908039968
-0.648851406796
-0.646786549971
-0.644714083766
-0.642633393914
-0.640544480599
-0.638447346121
-0.636341987231
-0.634228406632
-0.632107241654
-0.629978497258
-0.627841535249
-0.625696357257
-0.623542965127
-0.621381359027
-0.619211543137
-0.617033519966
-0.614847292246
-0.612652862943
-0.610450235252
-0.6082394126
-0.606020398652
-0.603793199181
-0.601557816462
-0.599314254883
-0.597062517216
-0.594802610204
-0.592534538981
-0.590258310786
-0.587973931259
-0.585681402614
-0.58338073286
-0.581071928421
-0.578754997826
-0.576429946205
-0.574096780794
-0.571755509101
-0.569406138911
-0.56704867829
-0.564683133775
-0.562309515804
-0.559927831491
-0.557538091844
-0.555140304566
-0.55273448124
-0.55032063017
-0.547898763527
-0.545469676372
-0.543033310412
-0.540588962459
-0.538136644112
-0.535677167523
-0.533209743246
-0.530734387313
-0.528251110833
-0.525759926978
-0.523260847513
-0.52075388799
-0.518239062561
-0.515716385704
-0.51318587052
-0.510647533866
-0.508101391226
-0.505547458422
-0.502985749928
-0.500416283942
-0.497839077321
-0.495254147265
-0.49266150966
-0.490061184081
-0.487453190442
-0.484837545707
-0.482214268851
-0.479583377576
-0.476945788726
-0.474300627223
-0.471647913492
-0.468987666715
-0.466319911279
-0.463644667116
-0.460961956139
-0.45827179905
-0.455574220108
-0.452870175225
-0.450158753774
-0.447440922022
-0.444716708383
-0.441985193059
-0.439246399459
-0.43650035446
-0.43374708379
-0.430986613571
-0.428218967291
-0.425444174888
-0.422662262173
-0.419873256861
-0.417077187068
-0.414274082786
-0.411463971459
-0.408646883872
-0.405822848293
-0.40299189775
-0.400154061331
-0.39730937141
-0.394457855064
-0.391599546899
-0.388734479091
-0.385862682824
-0.382984191105
-0.380099040118
-0.377207262307
-0.374308890544
-0.371403960852
-0.368492505602
-0.365574561637
-0.36265016487
-0.359719352952
-0.356782161305
-0.353838628398
-0.350888791803
-0.347932689509
-0.344970359923
-0.342001838063
-0.339027166976
-0.33604638507
-0.333059531188
-0.330066648307
-0.327067777334
-0.324062959595
-0.321052235626
-0.31803564998
-0.315013244033
-0.311985060766
-0.308951143575
-0.305911536266
-0.302866283057
-0.299815428576
-0.296759017859
-0.293697096349
-0.290629709899
-0.287558061264
-0.284482094027
-0.281400801415
-0.278314231926
-0.275222433379
-0.272125453992
-0.269023342376
-0.265916147537
-0.262803918873
-0.259686705168
-0.256564556606
-0.253437524738
-0.250305660507
-0.247169014277
-0.24402763871
-0.240881584946
-0.237730905448
-0.234575653964
-0.231415883684
-0.228251648166
-0.225083001328
-0.22190999658
-0.218732689427
-0.215551134013
-0.212365386522
-0.209175502643
-0.205981537595
-0.202783548562
-0.199582835151
-0.196379342913
-0.193171996797
-0.189960855979
-0.186745978429
-0.183527420977
-0.180305242966
-0.177079504025
-0.173850263375
-0.170617580535
-0.167382782321
-0.164144662751
-0.160903280899
-0.1576586987
-0.154410976461
-0.15116017479
-0.147906355781
-0.144649580603
-0.141389911284
-0.13812848101
-0.134864282128
-0.131597377385
-0.128327830288
-0.125055703543
-0.121781060112
-0.118503963689
-0.115224478663
-0.111942668696
-0.108659781096
-0.105375881547
-0.102089850956
-0.0988017546145
-0.0955116575867
-0.0922196243591
-0.0889257211143
-0.0856312042642
-0.0823360407296
-0.0790392049594
-0.0757407626452
-0.072441974282
-0.0691417116546
-0.0658400414696
-0.0625370302748
-0.0592327447428
-0.0559272516643
-0.0526206181656
-0.049312911033
-0.0460041973759
-0.0426945443975
-0.0393840193892
-0.0360726895663
-0.0327606225339
-0.0294492096408
-0.0261371946601
-0.0228246451952
-0.0195116289
-0.0161995383258
-0.0128871163558
-0.00957443072405
-0.00626154918925
-0.00294853955384
0.000364530429534
0.00367759295351
0.00699058022291
0.0103034244492
0.0136160578157
0.0169284126077
0.0202404210951
0.0235520154987
0.0268631282398
0.0301736918109
0.03348363842
0.0367929006806
0.0401014111495
0.0434091024532
0.0467159072943
0.0500217584576
0.053326588816
0.0566303313374
0.0599316005557
0.063231648072
0.0665304074456
0.0698266160123
0.0731202087564
0.076411120871
0.0796992877556
0.0829858354219
0.0862706984254
0.0895538115015
0.0928351085022
0.0961133381098
0.0993896217755
0.102663894592
0.105936091836
0.109206148549
0.112472703661
0.115736990388
0.118998945279
0.122258504174
0.12551431333
0.12876759997
0.132018301081
0.135265069366
0.138509127039
0.141749131506
0.144986301305
0.14822057411
0.15145188899
0.1546801853
0.157905400855
0.161127474933
0.164346347083
0.167561957776
0.170774247788
0.173983156868
0.177187482617
0.180387055517
0.183581820055
0.186772969186
0.189960444883
0.193144189432
0.196324145429
0.199500255789
0.202672463746
0.205840712073
0.209004945445
0.212165108079
0.215321143705
0.218472998038
0.221620616308
0.224763944949
0.227902929027
0.231037514814
0.234167648939
0.237293278383
0.24041435049
0.243530812961
0.246642613864
0.249749699743
0.252852021293
0.255949527686
0.259042169452
0.262129895534
0.265211479145
0.26828804844
0.271359554508
0.274425948819
0.27748718323
0.280543208934
0.28359398068
0.286639450431
0.289679572686
0.292714300172
0.295743585995
0.298767385862
0.301785654771
0.304798348126
0.307805422868
0.310806834056
0.313802537133
0.316792490267
0.319776650871
0.322754976759
0.325727426154
0.328692853827
0.331651322086
0.334603789296
0.337550217795
0.340490565381
0.343424796499
0.346351790353
0.349272589511
0.352187155913
0.355095450613
0.357997436356
0.360893074987
0.363782332695
0.366665173455
0.369541560318
0.372411456723
0.375274830557
0.378131647424
0.380981873332
0.383825474699
0.386662418342
0.389492671485
0.392316201755
0.395131963219
0.397940938676
0.400743096972
0.403538408782
0.406325934013
0.40910555818
0.411877256524
0.414641989109
0.417398834491
0.420148655915
0.422890454987
0.425624208969
0.428349895504
0.431067492657
0.433777933139
0.436481190986
0.439177240612
0.441866056814
0.444547614767
0.447221890023
0.449888011756
0.452545878028
0.455195470341
0.457836770561
0.460469760916
0.463094424027
0.465711644514
0.468321402531
0.470923677
0.473518447202
0.476105692772
0.478685392079
0.481257527091
0.483822078504
0.486379027363
0.488928351763
0.491470036737
0.494004062706
0.496530413747
0.499049072621
0.501560022421
0.504063246577
0.506558728849
0.509045619738
0.511523908359
0.513994407338
0.516457103459
0.518911165358
0.52135665554
0.523794298936
0.5262240819
0.528645994562
0.531060022169
0.533466153746
0.53586437514
0.538254674243
0.540637037488
0.543011456881
0.545377919443
0.54773641425
0.550086928892
0.552429454799
0.554763981908
0.557090500441
0.559408252816
0.561717976402
0.564019664053
0.566313307102
0.568598897151
0.570876427882
0.573145889623
0.575407274773
0.577660575994
0.57990578438
0.582142186219
0.584369779329
0.586589262275
0.588799993786
0.591001971957
0.593195195117
0.595380284203
0.597557237832
0.599726049291
0.601886713961
0.604039229317
0.606183587461
0.608319786327
0.610447822205
0.612567691603
0.614679391252
0.616782918097
0.618878269299
0.620964858855
0.623042563391
0.625112085506
0.627173423195
0.629226574656
0.631271538285
0.633307695337
0.635335048628
0.637354212816
0.639365185163
0.641367415295
0.643361452692
0.645347295165
0.647324944548
0.649294400932
0.651255664583
0.653208737874
0.655153617554
0.657090306338
0.659018801305
0.660939105504
0.662851218275
0.664754633504
0.666649864399
0.668536359249
0.670414671665
0.672284805656
0.674146763431
0.676000547347
0.67784562347
0.679681998114
0.681510205227
0.683330249694
0.685142134574
0.686945863063
0.688741438487
0.690528862337
0.692308142138
0.694079273719
0.695842262888
0.697597117551
0.699343839813
0.701082433872
0.702812906024
0.704534773258
0.70624799175
0.707953102278
0.709650109598
0.711339018578
0.713019834187
0.714692559509
0.716357201709
0.718013764069
0.71966225395
0.721302676817
0.722935038229
0.724559343838
0.726175597389
0.727783806709
0.729383979707
0.730976120388
0.732560236832
0.734136331205
0.73570441175
0.737264482784
0.738816552709
0.740360627994
0.741896252839
0.74342389633
0.74494356515
0.746455266048
0.747959005837
0.749454789388
0.750942623642
0.75242251962
0.753894480363
0.755358515001
0.756814628701
0.758262830705
0.759703126284
0.761135524785
0.762560033594
0.763976658132
0.765385407894
0.766786288391
0.76817930921
0.76956411252
0.77094073976
0.772309530456
0.773670492337
0.775023635185
0.776368964786
0.777706488974
0.779036215618
0.780357808143
0.781671619034
0.782977656249
0.784275925753
0.785566435556
0.786849195712
0.78812421428
0.789391200245
0.79065046087
0.791902002254
0.793145834555
0.794381965927
0.79561040454
0.796831158578
0.798044236241
0.799249645737
0.800447395288
0.801637493127
0.802819947493
0.803994764612
0.805161952738
0.806321522153
0.807473481121
0.808617837907
0.809754600782
0.810883778013
0.812005377871
0.813119129341
0.814225043099
0.815323404385
0.816414221451
0.817497504567
0.818573259953
0.819641495843
0.820702220462
0.821755440003
0.822801166715
0.823839406771
0.824870168352
0.825893459626
0.826909286726
0.827917657789
0.828918584981
0.829912074385
0.830898134087
0.831876772158
0.832847996645
0.833811813554
0.834768234933
0.835717266743
0.836658916947
0.837593193479
0.838520104251
0.839439659169
0.840351864071
0.841256726789
0.842154255126
0.84304445282
0.843927329633
0.8448028953
0.845671157503
0.846532123891
0.847385802085
0.84823219765
0.849071320154
0.849903175096
0.850727554708
0.851544683728
0.852354569558
0.853157217548
0.853952637041
0.854740835326
0.855521819651
0.856295597226
0.857062175216
0.857821560746
0.858573564813
0.859318390568
0.860055870493
0.860786186068
0.861509344197
0.862225349724
0.862934207447
0.863635930166
0.8643305246
0.865017995404
0.865698347188
0.866371590548
0.867037727983
0.867696767975
0.868348714938
0.868993575239
0.869631357209
0.870262067113
0.870885711163
0.871502295521
0.872111826291
0.872714311535
0.873309755241
0.873898163352
0.874479543763
0.875053900295
0.875621238723
0.876181564764
0.876734882071
0.877281196247
0.877820512834
0.878352839324
0.878878179136
0.879396539643
0.879907936174
0.880412247439
0.880909595144
0.881399986413
0.881883422301
0.882359911814
0.882829457885
0.883292063384
0.883747735126
0.884196475857
0.884638292262
0.885073188963
0.885501072148
0.885922044681
0.886336110987
0.886743275425
0.887143542287
0.887536915803
0.887923400132
0.888302997371
0.888675713547
0.88904155262
0.889400502487
0.889752582972
0.890097718715
0.890435994526
0.890767412027
0.891091972769
0.891409682232
0.891720477086
0.892024425423
0.892321532516
0.892611799572
0.89289523172
0.893171830027
0.893441537619
0.893704417286
0.893960473875
0.894209710166
0.894452073218
0.894687621317
0.894916357026
0.895138284835
0.895353405168
0.89556172037
0.895763186291
0.895957851563
0.89614571632
0.896326782618
0.896501054439
0.896668531697
0.89682921623
0.896983113795
0.897130222091
0.897270544732
0.897404081267
0.897530835162
0.897650809809
0.897764004533
0.897870420587
0.89797005715
0.898062915321
0.898148996128
0.898228300523
0.898300831379
0.898366591492
0.898425579597
0.898477794355
0.898523232356
0.898561898094
0.898593795987
0.898618924398
0.898637283608
0.898648875816
0.898653698304
0.898651750916
0.898643034704
0.89862754559
0.8986052854
0.898576253894
0.898540452746
0.898497879574
0.898448535903
0.898392421197
0.898329534839
0.898259874145
0.898183440345
0.898100232601
0.89801025
0.897913489562
0.897809952221
0.897699636841
0.897582542212
0.897458667052
0.897328011998
0.897190573625
0.897046350427
0.896895340827
0.896737543172
0.896572953742
0.896401572732
0.896223398272
0.896038428415
0.895846661143
0.895648094366
0.895442725922
0.895230551579
0.895011567031
0.89478577389
0.894553169704
0.894313751947
0.894067558577
0.893814609461
0.89355483678
0.893288241717
0.893014819395
0.892734566864
0.892447481103
0.892153559019
0.891852793455
0.891545183174
0.891230726873
0.89090942118
0.890581262656
0.890246321452
0.889904518331
0.889555851648
0.889200317687
0.888837910666
0.888468626735
0.888092463974
0.887709418399
0.887319485957
0.886922658526
0.886518935923
0.886108313895
0.885690790127
0.885266360236
0.884835017773
0.884396758226
0.883951575013
0.883499465495
0.88304052747
0.882574653675
0.882101837275
0.881622073377
0.881135359027
0.880641687204
0.88014105483
0.879633456765
0.879118887805
0.878597340684
0.878068931119
0.877533655393
0.876991387387
0.876442232365
0.875886074019
0.87532290473
0.874752720832
0.874175647422
0.873591545895
0.873000408404
0.872402233065
0.87179715161
0.871185020363
0.8705659921
0.869940044734
0.869307027263
0.868667081807
0.868020203854
0.867366373204
0.866705447322
0.866037419789
0.865362286143
0.864680039865
0.863990674382
0.863294181065
0.862590555259
0.861879790249
0.861161877261
0.860436809485
0.859704580068
0.858965182109
0.858218610677
0.857464858784
0.856703917385
0.855935781418
0.855160443767
0.854377897273
0.853588130706
0.852791140857
0.851986918432
0.851175458126
0.850356944774
0.849531372902
0.848698541029
0.84785844169
0.84701106537
0.846156402516
0.845294449596
0.844425199005
0.843548639076
0.84266476416
0.841773568577
0.840875044599
0.839969186489
0.839055984442
0.838135428628
0.837207513223
0.83627223238
0.835329576188
0.834379538747
0.833422108078
0.832457274196
0.831485031135
0.830505372905
0.82951828946
0.828523774771
0.827521820772
0.826512419379
0.825495809308
0.824471735672
0.823440190342
0.822401167194
0.82135465605
0.820300648742
0.819239137086
0.818170114916
0.817093569986
0.816009496111
0.814917883052
0.81381872461
0.812712012555
0.811597738657
0.810475896703
0.809346476435
0.808209751748
0.807065432329
0.805913509945
0.804753978384
0.803586823353
0.802412040668
0.801229622111
0.800039559468
0.798841842512
0.797636467089
0.796423420971
0.795202698002
0.793974288
0.792738184834
0.791494378352
0.790242862455
0.788983948999
0.787717310019
0.786442937454
0.785160819226
0.783870949336
0.782573321807
0.781267922615
0.779954749872
0.778633793643
0.777305430489
0.775969268201
0.774625300973
0.773273523031
0.771913924603
0.770546497968
0.769171233428
0.767788125352
0.766397166135
0.764998346198
0.763591660033
0.762177100163
0.760754659155
0.759324705971
0.757886855015
0.756441101015
0.754987436737
0.753525855001
0.752056348682
0.750578908703
0.749093530059
0.747600205799
0.746098927023
0.744589688908
0.743072484689
0.74154730566
0.740014145192
0.738472998723
0.73692385976
0.735366721883
0.733801576743
0.732228846718
0.73064809909
0.72905932375
0.727462518658
0.725857677867
0.72424479551
0.722623867801
0.720994887055
0.719358349895
0.717713748735
0.716061078157
0.714400330853
0.712731503584
0.711054591225
0.709369590735
0.707676495206
0.705975299818
0.704265999857
0.702549126857
0.700824136395
0.699091030023
0.697349801494
0.695600446657
0.693842961476
0.692077841636
0.690304585875
0.688523188552
0.686733646124
0.684935951243
0.683130104552
0.681316097008
0.679494404227
0.677664550728
0.675826533763
0.67398034877
0.672125997193
0.670263474758
0.668392779289
0.66651390876
0.664626861294
0.662731637114
0.660828230764
0.658916640832
0.656996868005
0.655068907321
0.653132759789
0.65118842658
0.6492359071
0.647275200925
0.64530630973
0.643329231513
0.641343960612
0.639350503068
0.637348861255
0.635339033904
0.633321021845
0.63129482419
0.629260444054
0.627217882842
0.625167142151
0.623108223779
0.621041755867
0.618967744288
0.616886135707
0.614796936131
0.612699569885
0.610594041876
0.608480355347
0.606358513751
0.604229175646
0.602091690285
0.599946061785
0.597792294487
0.595631062654
0.593461701641
0.591284216479
0.589098612433
0.586904895004
0.584703068091
0.582493139521
0.580275115519
0.578049000731
0.575814803712
0.573572531436
0.571322191133
0.569063792105
0.566797992323
0.564524953048
0.562244604357
0.559956228511
0.557660568427
0.555357637153
0.553046706485
0.550727786028
0.548400885665
0.546066015559
0.543723186152
0.541372406408
0.539013676769
0.536647022629
0.534272455579
0.531889987506
0.529499628846
0.527101392079
0.524695279585
0.522281314851
0.519859509547
0.517429879095
0.514992437503
0.512547197384
0.510094175081
0.507633385547
0.505164844051
0.502689314871
0.500206065529
0.497715112257
0.495216471617
0.492710158832
0.490196191127
0.487674587719
0.485145364846
0.482609400036
0.480066715968
0.477516468824
0.474958679474
0.4723933675
0.469820552833
0.467240255753
0.464652495286
0.462057294018
0.459454674879
0.456845555742
0.454229962777
0.4516070172
0.448977651116
0.446340978645
0.443697020153
0.441045797949
0.438387340877
0.435721673515
0.433048820809
0.430368808082
0.42768166254
0.424987408741
0.422286071635
0.419577679541
0.416862259665
0.414139844019
0.411410454674
0.408674121448
0.405930873075
0.403180737226
0.400423744855
0.397659925853
0.394889310504
0.392111929477
0.389327813835
0.386536996431
0.38373950771
0.380935379911
0.378124645664
0.375307336626
0.372483486224
0.369653128283
0.366816299709
0.363973033766
0.36112336546
0.358267328873
0.355406005315
0.352538387157
0.349664510978
0.34678441247
0.343898130291
0.34100676497
0.338110358385
0.33520895278
0.332301518017
0.329389169843
0.326471951603
0.323548824025
0.320619827572
0.3176850031
0.314744391859
0.311798035493
0.308845974872
0.30588825359
0.302924914464
0.299956000706
0.296981555913
0.294001622955
0.291016247323
0.288025473776
0.285029347458
0.282027910668
0.279021212547
0.276009299385
0.272992217854
0.269970015002
0.266942738254
0.263910435409
0.260874309841
0.257833256213
0.25478732242
0.251736558691
0.248681013676
0.245620737357
0.242555779135
0.239486191588
0.23641202392
0.233333328463
0.230250156979
0.227162560692
0.224070593821
0.220974308288
0.217873758088
0.214768995842
0.211660075362
0.20854705079
0.205429976596
0.202308907577
0.19918389885
0.196055005851
0.192922283569
0.189785788079
0.186645576506
0.183501704798
0.180354229944
0.177203209937
0.174048702348
0.170890765035
0.167729456144
0.164564834103
0.161396956972
0.158225884376
0.155051675564
0.151874389441
0.148694086393
0.145510826452
0.142325924476
0.139139327905
0.135949956384
0.132757870873
0.129563132565
0.126367065851
0.123169618379
0.119969703351
0.116768649928
0.113566663009
0.110363664825
0.107159719142
0.10395477384
0.10074773663
0.0975386705661
0.0943289139853
0.0911172553157
0.0879037577374
0.0846884853174
0.0814715019175
0.0782528715508
0.0750326586881
0.0718109273179
0.0685877421611
0.0653631674961
0.0621372677508
0.0589101082404
0.0556817536366
0.0524522689659
0.049221719356
0.0459914600605
0.0427602664132
0.0395282037798
0.0362953374466
0.033061733088
0.0298274562869
0.0265925726869
0.0233571478804
0.0201212475344
0.016884937626
0.0136482839832
0.010411352465
0.00717420895561
0.00393691933006
0.000699549534224
-0.00253783450724
-0.00577516685816
-0.00901238160679
-0.0122494128056
-0.0154861946443
-0.0187226612012
-0.021958746631
-0.0251943851233
-0.0284295109069
-0.0316640582567
-0.0348979612466
-0.0381298620555
-0.0413609876795
-0.0445912726676
-0.0478206516437
-0.0510490593124
-0.0542764302613
-0.0575026995783
-0.060727802475
-0.0639505038244
-0.0671719086699
-0.0703906681064
-0.0736080022346
-0.0768238466711
-0.0800381374712
-0.0832508095773
-0.0864617996555
-0.0896710435388
-0.0928784782587
-0.0960840403174
-0.0992876659995
-0.102489291734
-0.10568885532
-0.108886293529
-0.112081543724
-0.115274543459
-0.118465230483
-0.121653542745
-0.124839418399
-0.12802279581
-0.131203613557
-0.134381810439
-0.13755732548
-0.140730096304
-0.143900064026
-0.147067168371
-0.150231349308
-0.15339254646
-0.156550700886
-0.159705753309
-0.162857644084
-0.166006313169
-0.169151702046
-0.172293754458
-0.175432412471
-0.178567618433
-0.181698088573
-0.184824993218
-0.187948274173
-0.191067876429
-0.194183742341
-0.197295816791
-0.200404044221
-0.203508369384
-0.206608738137
-0.20970509507
-0.212797385071
-0.215885554154
-0.218969549494
-0.222049316922
-0.225124804297
-0.228194771639
-0.231260354294
-0.234321501197
-0.237378159846
-0.240430278976
-0.243477807665
-0.246520694411
-0.24955888993
-0.252592343404
-0.255621005316
-0.258644827486
-0.261663761129
-0.264677757818
-0.26768676849
-0.270689475573
-0.273687103038
-0.276679603956
-0.27966579722
-0.282645516138
-0.28561996969
-0.288587989816
-0.291549535646
-0.294505682907
-0.297456387377
-0.300401606337
-0.303341296338
-0.306275413175
-0.309202815101
-0.312123464098
-0.315037322549
-0.317944353279
-0.320845599311
-0.323739943702
-0.326627350507
-0.329507880427
-0.332382471133
-0.335251082304
-0.338113675227
-0.340970211577
-0.343820652159
-0.346664961945
-0.349503103782
-0.352335037053
-0.355160727939
-0.35798014044
-0.360793238944
-0.363599986909
-0.366399327401
-0.369192249771
-0.371978719967
-0.374758700272
-0.377532161459
-0.380299070634
-0.383058395156
-0.385810196648
-0.388554521274
-0.391292168631
-0.394023104967
-0.396747301122
-0.399464728328
-0.402175353924
-0.404879149905
-0.407576087215
-0.410266135721
-0.412949265648
-0.415625450514
-0.418294665695
-0.420956884003
-0.423612078622
-0.426259285051
-0.42889941413
-0.431532437128
-0.434158328684
-0.436776045766
-0.43938658523
-0.441989010797
-0.444583303234
-0.447169524251
-0.44974847229
-0.452320127658
-0.454884466336
-0.457441466212
-0.459991105527
-0.462533361278
-0.465068213979
-0.467594771691
-0.470113885581
-0.472625535604
-0.475129700438
-0.477626360705
-0.480115498986
-0.482597096573
-0.485071131807
-0.487537589914
-0.489996453164
-0.492446873147
-0.494889664115
-0.497324809308
-0.499752292285
-0.502172095239
-0.504584205713
-0.506988604833
-0.509385277397
-0.511774210208
-0.514155386976
-0.51652879341
-0.518894415522
-0.521251458157
-0.523599912449
-0.525940542849
-0.528273338284
-0.530598284507
-0.532915369291
-0.535224582437
-0.537525910538
-0.539819343965
-0.542104873377
-0.544382486185
-0.546652173602
-0.548913187775
-0.551166254778
-0.553411361304
-0.555648499647
-0.55787766237
-0.560098838718
-0.562312018187
-0.564517197717
-0.566714369112
-0.568903513576
-0.571084634264
-0.573257720087
-0.575422765645
-0.577579762141
-0.579728704661
-0.581869586705
-0.584002402004
-0.586127144522
-0.588243810291
-0.590352391889
-0.592452883955
-0.594545281356
-0.596629579174
-0.598705772714
-0.600773857489
-0.602833829228
-0.604885683872
-0.606929419435
-0.608965030403
-0.610992513331
-0.613011296523
-0.615021259165
-0.617022469407
-0.619015538614
-0.621000466217
-0.622977248053
-0.624945885832
-0.626906373865
-0.62885871044
-0.630802888315
-0.632738909942
-0.634666772232
-0.636586479909
-0.638498030228
-0.640401422528
-0.642296656317
-0.644183735103
-0.64606265296
-0.647933413729
-0.649796019494
-0.651650468642
-0.65349675971
-0.655334895249
-0.657164874098
-0.658986697175
-0.660800367483
-0.662605884293
-0.664403250898
-0.666191942768
-0.667971909038
-0.669743211218
-0.671505899715
-0.673259935173
-0.675005832247
-0.676743593223
-0.678473218561
-0.680194712753
-0.681908076499
-0.683613312577
-0.685310423884
-0.68699941343
-0.688680286309
-0.69035304576
-0.692017693164
-0.693674233948
-0.695322671676
-0.696963010019
-0.698595250771
-0.700219397806
-0.701835457072
-0.703443430661
-0.705043324716
-0.706635141514
-0.70821888937
-0.709794570742
-0.711362190159
-0.712921750251
-0.714473255717
-0.716016713332
-0.717552125971
-0.719079498579
-0.720598836179
-0.722110145865
-0.723613432809
-0.725108287949
-0.726595129033
-0.728073965441
-0.729544800633
-0.731007638133
-0.732462487525
-0.733909352463
-0.73534824066
-0.736778764312
-0.738201320929
-0.739615916397
-0.741022173475
-0.742420483447
-0.743810850356
-0.745193280303
-0.746567777431
-0.747934349943
-0.749293002076
-0.750643742128
-0.751986574422
-0.753321507344
-0.754648547308
-0.75596769876
-0.757278619313
-0.758581666472
-0.759876848816
