1
0.999994459703
0.999983379026
0.999966757802
0.999944593889
0.99991688695
0.999883638457
0.999844846014
0.999800510923
0.999750634404
0.999695213806
0.99963424639
0.999567733126
0.999495672998
0.999418064913
0.999334909585
0.999246203855
0.999151946375
0.999052135711
0.998946770347
0.998835848681
0.998719369028
0.998597327723
0.998469724807
0.998336558344
0.998197828206
0.998053530393
0.99790366082
0.997748219111
0.99758720291
0.997420609777
0.99724843719
0.997070710419
0.996887398897
0.996698499853
0.996504010429
0.996303970742
0.996098367461
0.99588716284
0.995670390293
0.995448009952
0.995220022263
0.994986423792
0.994747209125
0.994502374661
0.994251916721
0.993995831539
0.99373411337
0.993466760187
0.993193767983
0.992915132666
0.992630850065
0.992340915926
0.992045325914
0.991744075613
0.991437158623
0.99112457227
0.990806311896
0.99048237276
0.990152751952
0.989817440758
0.989476436105
0.989129731029
0.988777324203
0.988419276493
0.988055575548
0.987686153152
0.987311005757
0.986930127831
0.986543513761
0.986151157855
0.985753054343
0.98534919738
0.984939579124
0.984524193573
0.984103036557
0.983676101919
0.983243381508
0.982804870923
0.982360563775
0.981910451682
0.981454530017
0.980992792161
0.980525231418
0.980051841019
0.979572614117
0.979087543793
0.978596624969
0.978099844813
0.977597198101
0.977088679531
0.97657428181
0.97605399757
0.975527821296
0.974995847337
0.974457964331
0.973914166541
0.973364444313
0.972808789844
0.97224719526
0.971679652615
0.971106153893
0.970526689075
0.969941251931
0.96934983037
0.968752418025
0.968149008457
0.967539593227
0.966924163829
0.966302711687
0.965675228155
0.965041704524
0.964402132013
0.963756499837
0.96310480102
0.96244702658
0.961783169412
0.961113218462
0.960437164551
0.959754998435
0.959066710805
0.958372290347
0.957671729567
0.956965018964
0.9562522926
0.955533542265
0.954808744416
0.954077760123
0.953340577634
0.95259718708
0.951847578533
0.951091736154
0.950329649891
0.949561313537
0.948786716924
0.948005849826
0.947218864869
0.94642559078
0.945626017163
0.944820133564
0.944007929475
0.943189394332
0.942364517516
0.941533290314
0.940695700037
0.939851735906
0.939001387085
0.938144642689
0.937281493742
0.936411927292
0.935535930333
0.934653493738
0.933764608333
0.932869260961
0.931967440385
0.931059135318
0.930144334425
0.929223026325
0.928295199592
0.927360842755
0.926419944295
0.92547249265
0.924518476215
0.923557885318
0.922590704315
0.92161692345
0.920636530947
0.919649514995
0.918655863738
0.917655565281
0.916648607696
0.915634979011
0.914614669204
0.91358766425
0.912553952071
0.911513520553
0.910466357551
0.909412450883
0.908351788338
0.907284357671
0.906210144618
0.905129136871
0.904041324085
0.902946691905
0.901845231919
0.900736929718
0.899621770865
0.898499742886
0.897370833287
0.896235031542
0.89509232511
0.893942699431
0.892786143917
0.891622645961
0.890452192939
0.889274772208
0.888090371108
0.886898976963
0.885700819436
0.8844959143
0.883284250877
0.882065851015
0.880840394767
0.879607869386
0.878368262119
0.877121560201
0.87586775086
0.874606821318
0.873338760798
0.872063846033
0.870781772769
0.869492823992
0.868196691199
0.866893361596
0.865582822393
0.8642650608
0.86294006403
0.861607817287
0.860268309805
0.858921526799
0.857567459529
0.856206093226
0.854837415141
0.853461412538
0.852078072694
0.850687382897
0.849289330452
0.847883902676
0.846471086909
0.845050868486
0.8436232368
0.842188179245
0.840745675166
0.839295720072
0.837838301429
0.836373398652
0.834901005316
0.833421113005
0.831933705261
0.830438771711
0.828936299998
0.8274262778
0.825908690808
0.824383528791
0.822850779538
0.82131043088
0.819762470686
0.81820688687
0.816643667391
0.815072800254
0.813494273511
0.811908075265
0.810314634581
0.808713896458
0.807105451699
0.805489288625
0.803865393591
0.802233757056
0.800594367517
0.798947627464
0.797293109693
0.795630804915
0.793960701887
0.79228279146
0.790597060508
0.788903498001
0.787202092984
0.785492834574
0.783775711969
0.782050714444
0.780317831356
0.778577052144
0.776828366335
0.775071763539
0.773307233456
0.771534765876
0.769754350682
0.767965977849
0.76616963745
0.764365317641
0.762553010705
0.760732705003
0.758904393022
0.757068065347
0.755223712668
0.753371323774
0.751510893598
0.749642409148
0.747765861565
0.745881747903
0.743989553928
0.742089273151
0.740180895197
0.738264413828
0.736339820929
0.734407108516
0.732466270741
0.730517297889
0.728560182384
0.726594914789
0.724621489806
0.722639900285
0.720650143209
0.718652205745
0.716646083179
0.714631770952
0.712609260677
0.710578546119
0.708540188607
0.706494185798
0.704440481337
0.702378549901
0.700308386082
0.698229982668
0.696143336576
0.694049034704
0.691947076001
0.689836860969
0.687718385272
0.685591644764
0.683457139563
0.681314869039
0.679164320839
0.677005493549
0.674839008105
0.672664237668
0.670481177516
0.668289827041
0.66609018389
0.66388224787
0.661666017055
0.65944148585
0.657208656649
0.654967526247
0.652718095538
0.650460361777
0.648194931153
0.645921196792
0.643639158581
0.641348814724
0.639050167505
0.636743215622
0.634427961846
0.632104407284
0.629772553296
0.627432401493
0.625084452507
0.622728209915
0.620363674218
0.617990842403
0.615609724961
0.613220325092
0.610822648148
0.608416696002
0.606002468934
0.603579973131
0.601149215063
0.598710199615
0.596262930104
0.593807413858
0.591343654792
0.588871658974
0.586391430931
0.583902982862
0.581406319909
0.578901449362
0.576388380652
0.573867121697
0.571337678907
0.568800057212
0.566254269125
0.563700320243
0.561138223718
0.558567989424
0.555990376193
0.553404646269
0.550810808751
0.548208873088
0.545598854411
0.542980764638
0.540354616041
0.537720419485
0.535079049571
0.532429660154
0.529772264932
0.527106877966
0.52443351195
0.521752183416
0.519062907536
0.516365698131
0.513660572843
0.510947547974
0.508226641907
0.505497864921
0.502761239555
0.500016781967
0.497264512076
0.49450444684
0.491736606955
0.488961011845
0.48617767968
0.483386632344
0.480587890469
0.477781475098
0.474967407681
0.472145710083
0.469316402966
0.466479510637
0.463635056211
0.460783061622
0.457923552419
0.45505655298
0.452182088109
0.449300181471
0.446410860295
0.443515155672
0.440612089555
0.437701688894
0.434783981072
0.431858993915
0.428927608166
0.425989001911
0.423043202779
0.420090240349
0.417130143161
0.414162943167
0.411188672753
0.408207361817
0.405219042172
0.402223746086
0.399221504837
0.396212343034
0.393196304294
0.390173419871
0.38714372712
0.38410726103
0.381064057046
0.37801415107
0.374957579462
0.371894379039
0.36882458573
0.36574823996
0.362665377252
0.359577162208
0.356482508442
0.353381455518
0.350274044755
0.347160316627
0.344040312065
0.340914073728
0.3377816422
0.334643061034
0.331498370513
0.328347615094
0.325190838457
0.322028084735
0.318859397321
0.315684823641
0.312504408005
0.309318195192
0.306126231613
0.302928565272
0.299725241193
0.296516308266
0.293301815808
0.29008291193
0.286859555998
0.283630788437
0.280396658091
0.277157215322
0.273913739922
0.270666286565
0.267413676254
0.264155961021
0.260893194328
0.257625427051
0.254352714469
0.251075108341
0.247792663771
0.244505434354
0.241213475993
0.237916844974
0.234615596134
0.231309785636
0.227999470044
0.224684706311
0.221365551782
0.218042062479
0.214714298228
0.21138360636
0.208050048491
0.204713568128
0.201373049892
0.198028553675
0.194680139731
0.191327868665
0.187971801438
0.184611999354
0.181248523339
0.17788143539
0.174510798534
0.171136675417
0.167760451268
0.164382191533
0.16100196188
0.15761850043
0.154231871306
0.150842138926
0.147449368003
0.144053623535
0.140654970235
0.137253474229
0.133849200803
0.130443561334
0.127035278158
0.123624417335
0.120211045688
0.116795230281
0.113377037953
0.109956536697
0.106533794269
0.103108878217
0.0996818575587
0.0962527998788
0.0928217737795
0.089388848425
0.0859540927837
0.0825175760038
0.0790793674069
0.0756395364815
0.0721981528763
0.0687552863938
0.0653110069832
0.0618653844738
0.0584184893486
0.0549703919573
0.051521162769
0.0480708723658
0.0446195912438
0.0411673905603
0.0377143410161
0.0342605135754
0.0308059792804
0.0273508092441
0.0238950746434
0.0204388467121
0.0169821966521
0.0135251959391
0.0100679158668
0.00661042782493
0.00315280319818
-0.000304886574447
-0.00376257004718
-0.00722017577454
-0.0106776323474
-0.0141348683561
-0.0175918124128
-0.0210483931585
-0.0245045392701
-0.027960179468
-0.0314152425228
-0.0348682761914
-0.038320590532
-0.0417721143904
-0.0452227769973
-0.0486712543439
-0.052118728967
-0.055565130045
-0.0590103875008
-0.0624544307188
-0.0658971891759
-0.0693385929745
-0.0727785723782
-0.0762170572377
-0.079653977828
-0.0830892645775
-0.0865228480755
-0.0899546590785
-0.0933846281585
-0.0968113231444
-0.100236039179
-0.103658708184
-0.107079261483
-0.110497631004
-0.113913748887
-0.11732754749
-0.120738958928
-0.124147916
-0.127554352233
-0.130958200915
-0.134359395065
-0.137757868993
-0.141153556749
-0.144546392646
-0.147936311271
-0.151323247486
-0.154707137028
-0.158087914732
-0.16146551694
-0.164839879052
-0.168210937387
-0.171577306594
-0.174940245918
-0.178299691962
-0.181655582325
-0.185007855642
-0.188356450181
-0.191701303813
-0.195042356217
-0.198379545164
-0.201712811039
-0.205042093824
-0.208367335449
-0.211688475827
-0.215005456036
-0.218316791075
-0.22162384963
-0.224926573072
-0.228224904861
-0.231518788868
-0.234807108275
-0.238089600962
-0.241366215121
-0.244636899402
-0.247902857518
-0.251164033975
-0.254420374625
-0.257670787387
-0.260916258599
-0.264156735373
-0.267392164232
-0.270622493111
-0.273847671393
-0.277067647865
-0.280282371741
-0.283491792657
-0.286695859612
-0.289894523091
-0.293087735107
-0.296275447026
-0.299457610646
-0.302634178205
-0.305805101241
-0.308970334007
-0.312129821967
-0.315283527215
-0.318431403018
-0.321573405443
-0.324709489823
-0.327839611941
-0.330963728025
-0.334081793526
-0.337193765562
-0.340299602944
-0.3433992637
-0.346492706307
-0.349579889692
-0.352660773236
-0.355735316768
-0.358803477969
-0.361865220177
-0.36492050326
-0.367969290176
-0.371011543015
-0.374047224318
-0.377076297079
-0.380098727472
-0.383114476659
-0.386123508982
-0.389124802174
-0.392119307557
-0.395106992233
-0.398087823771
-0.401061767351
-0.404028790015
-0.406988859251
-0.409941942992
-0.41288800961
-0.415827027921
-0.418758967184
-0.421683797093
-0.424601487784
-0.427512011323
-0.430415335716
-0.43331143542
-0.436200280798
-0.439081844153
-0.441955181328
-0.444820070733
-0.447676600999
-0.450524751304
-0.453365489358
-0.456198790063
-0.459024628737
-0.461842981116
-0.464653823351
-0.467457130408
-0.470252879259
-0.473041048892
-0.475821615483
-0.47859456047
-0.481359000568
-0.484114835595
-0.486862133432
-0.489601724394
-0.492333590346
-0.495057708571
-0.497774063388
-0.500482636182
-0.503183407039
-0.505876359789
-0.508561478654
-0.511238744852
-0.513908139965
-0.516569649354
-0.519223257045
-0.521868947437
-0.524506705293
-0.527135723423
-0.529755914901
-0.532368129298
-0.534972352819
-0.537568575522
-0.540156782571
-0.542736961228
-0.545309099098
-0.54787318413
-0.550429204613
-0.552977149175
-0.555517008559
-0.558048770273
-0.560571610487
-0.563086332957
-0.565592927958
-0.568091386087
-0.57058169826
-0.57306385571
-0.57553784998
-0.5780036711
-0.580461313059
-0.582910766492
-0.585352026
-0.587784317559
-0.590208401958
-0.592624271009
-0.595031920513
-0.597431342857
-0.599822532565
-0.602205486306
-0.604580197305
-0.606946660926
-0.609304874682
-0.611654834489
-0.61399653653
-0.616329977254
-0.618655151494
-0.620972058109
-0.623280692443
-0.625581055774
-0.627873145849
-0.630156958762
-0.63243249085
-0.634699742502
-0.63695871245
-0.639209399661
-0.641451805257
-0.643685924843
-0.645911760011
-0.648129308738
-0.650338575004
-0.652539557231
-0.654732255993
-0.656916672082
-0.659092806504
-0.661260660483
-0.663420235447
-0.665571533038
-0.667714555104
-0.669849301745
-0.671975777159
-0.674093983796
-0.676203922345
-0.678305599553
-0.680399016494
-0.682484176382
-0.68456108262
-0.686629736828
-0.688690146703
-0.690742314222
-0.692786243507
-0.694821938849
-0.696848826597
-0.698866965546
-0.700876884855
-0.702878589484
-0.704872084556
-0.706857375351
-0.708834465325
-0.710803362054
-0.712764071283
-0.714716598907
-0.71666095097
-0.718597133657
-0.720525155292
-0.722445016371
-0.724356729481
-0.726260299378
-0.728155732943
-0.730043037188
-0.731922221254
-0.733793290416
-0.735656250066
-0.737511109728
-0.739357875041
-0.741196055368
-0.743026157152
-0.744847696504
-0.746661175574
-0.748466600568
-0.750263981817
-0.752053327749
-0.753834646897
-0.755607947899
-0.757373239491
-0.759130530511
-0.760879829893
-0.762621146665
-0.764354489949
-0.766079868959
-0.767797292999
-0.769506771459
-0.771208315832
-0.77290193366
-0.774587634586
-0.776265428333
-0.777935324703
-0.779597333573
-0.781251464895
-0.782897728697
-0.784536135076
-0.786166694199
-0.787788997421
-0.789403472024
-0.791010130393
-0.792608982955
-0.794200040196
-0.795783310644
-0.797358806925
-0.798926539701
-0.800486519688
-0.802038755633
-0.803582869138
-0.805118873954
-0.80664716755
-0.80816776493
-0.809680675078
-0.811185909042
-0.812683063089
-0.814172563287
-0.815654420805
-0.81712864685
-0.818595252663
-0.820054249523
-0.821505650764
-0.822949465704
-0.82438570572
-0.825814382214
-0.827235506618
-0.828649088369
-0.830055142992
-0.831453679973
-0.832844710841
-0.834228245127
-0.835604298442
-0.836972880356
-0.838334002475
-0.839687676422
-0.841033913835
-0.842372726367
-0.843704125682
-0.845028121437
-0.846344727335
-0.847653955072
-0.848955814332
-0.850250318841
-0.851537478295
-0.852817306428
-0.854089812947
-0.855355011589
-0.856612914078
-0.857863530121
-0.85910687144
-0.860342949755
-0.861571776784
-0.862793360211
-0.864007719794
-0.865214865218
-0.866414808174
-0.867607560343
-0.868793131387
-0.869971534977
-0.871142780753
-0.872306884371
-0.873463855439
-0.874613705568
-0.875756446349
-0.876892089358
-0.878020646152
-0.879142128271
-0.880256547236
-0.881363914544
-0.882464243679
-0.883557544093
-0.884643827218
-0.885723104465
-0.886795387219
-0.887860684836
-0.888919010652
-0.889970373974
-0.891014790075
-0.892052268205
-0.893082819583
-0.894106455399
-0.895123182815
-0.896133014955
-0.897135964906
-0.898132043729
-0.899121262447
-0.900103630057
-0.90107915751
-0.902047855724
-0.903009737574
-0.903964811907
-0.904913089529
-0.905854583195
-0.906789303626
-0.907717261505
-0.908638465484
-0.90955292815
-0.910460660058
-0.91136167371
-0.912255977585
-0.913143582107
-0.914024495668
-0.914898730588
-0.915766295166
-0.916627199644
-0.917481454211
-0.918328886555
-0.919169508505
-0.92000351285
-0.920830909577
-0.921651708626
-0.922465919882
-0.923273551204
-0.924074614348
-0.924869119045
-0.925657072994
-0.926438485818
-0.927213369057
-0.927981732222
-0.928743584769
-0.929498938068
-0.93024779949
-0.93099017832
-0.931726085757
-0.93245552703
-0.933178513218
-0.933895055343
-0.934605160429
-0.935308839373
-0.936006099083
-0.936696948367
-0.937381395976
-0.938059448635
-0.93873098594
-0.939396147461
-0.940054939732
-0.940707373151
-0.941353454126
-0.941993192926
-0.942626599751
-0.943253680819
-0.943874323902
-0.944488659353
-0.945096691233
-0.945698429409
-0.94629387977
-0.946883052048
-0.947465953952
-0.948042591167
-0.94861297322
-0.949177107613
-0.949734885719
-0.950286430974
-0.950831748717
-0.951370848124
-0.951903736347
-0.952430420467
-0.952950907495
-0.953465202423
-0.953973314066
-0.954475249221
-0.954971014612
-0.955460618836
-0.955944066524
-0.95642136418
-0.956892518235
-0.957357535048
-0.957816422847
-0.958269183951
-0.958715826442
-0.959156356378
-0.959590777803
-0.960019100511
-0.960441328395
-0.96085746527
-0.961267518764
-0.961671492542
-0.962069392137
-0.96246122494
-0.962846994389
-0.963226707723
-0.963600368226
-0.963967981045
-0.964329555121
-0.964685093507
-0.965034601115
-0.965378082777
-0.965715478691
-0.966046858094
-0.96637222558
-0.966691585666
-0.967004944725
-0.967312305179
-0.967613671308
-0.967909047312
-0.96819843731
-0.968481847276
-0.968759279236
-0.969030737069
-0.969296224573
-0.969555745466
-0.969809303387
-0.970056901891
-0.970298546387
-0.970534238334
-0.970763979118
-0.97098777197
-0.97120562197
-0.971417532185
-0.971623503674
-0.971823541271
-0.972017609784
-0.972205711468
-0.972387887481
-0.972564138473
-0.972734468861
-0.97289887913
-0.973057373536
-0.973209952398
-0.973356619804
-0.973497377834
-0.973632228484
-0.973761173668
-0.973884215218
-0.974001356808
-0.97411259625
-0.974217937052
-0.974317378786
-0.974410924792
-0.974498576401
-0.9745803172
-0.974656149872
-0.974726091642
-0.974790141581
-0.974848302527
-0.974900577236
-0.974946964529
-0.974987466994
-0.975022083285
-0.975050813898
-0.97507366117
-0.975090623504
-0.975101701143
-0.975106894248
-0.97510620097
-0.975099623228
-0.975087159007
-0.975068810056
-0.975044576117
-0.975014456849
-0.974978457767
-0.974936572421
-0.974888798292
-0.974835134702
-0.974775582817
-0.974710141791
-0.974638810697
-0.974561588525
-0.974478472256
-0.974389462635
-0.974294558401
-0.97419375821
-0.974087073385
-0.973974489663
-0.973856005449
-0.973731617139
-0.973601324899
-0.973465126883
-0.973323021166
-0.973175007663
-0.973021084283
-0.972861246923
-0.972695495253
-0.972523825004
-0.972346235683
-0.972162722854
-0.97197328393
-0.971777916242
-0.971576615107
-0.97136937962
-0.971156206864
-0.970937093842
-0.970712039403
-0.970481038457
-0.970244085832
-0.970001180132
-0.969752317953
-0.969497495808
-0.969236710131
-0.968969957272
-0.968697231569
-0.968418531146
-0.96813385018
-0.967843186632
-0.967546536451
-0.967243893577
-0.96693525573
-0.96662061862
-0.966299977879
-0.965973327125
-0.9656407292
-0.965302180731
-0.964957678271
-0.964607147228
-0.964250582761
-0.963887981889
-0.963519339618
-0.963144650873
-0.962763910503
-0.96237711328
-0.961984253896
-0.96158532697
-0.961180327039
-0.960769248569
-0.960352085948
-0.959928833486
-0.959499485419
-0.95906411297
-0.958622633167
-0.95817511071
-0.957721559628
-0.957261975089
-0.956796258815
-0.956324402575
-0.955846401956
-0.955362250526
-0.954871939834
-0.954375465248
-0.953872818169
-0.953363995771
-0.952848989306
-0.95232778996
-0.951800390791
-0.95126678674
-0.950726970726
-0.950180937545
-0.949628678026
-0.949070184877
-0.948505450734
-0.947934468166
-0.947357227718
-0.946773723774
-0.946183948696
-0.945587894779
-0.944985554249
-0.944376919266
-0.943761981921
-0.94314073424
-0.942513168183
-0.941879275643
-0.941239048449
-0.940592480326
-0.939939561011
-0.939280284099
-0.938614639202
-0.937942617823
-0.937264209446
-0.936579407415
-0.93588820305
-0.935190585641
-0.934486548353
-0.933776080353
-0.933059174684
-0.932335822361
-0.93160601434
-0.930869741516
-0.93012699276
-0.929377758851
-0.92862203051
-0.927859798402
-0.92709105708
-0.926315958732
-0.925534330272
-0.924746162146
-0.92395144474
-0.923150338329
-0.922342663282
-0.921528409832
-0.920707568157
-0.919880130362
-0.919046084544
-0.918205420729
-0.917358128893
-0.916504198961
-0.915643620808
-0.914776551649
-0.913903024719
-0.913022989355
-0.912136456139
-0.911243223504
-0.910343279069
-0.909436616362
-0.908523400992
-0.907603442396
-0.906676733977
-0.905743263138
-0.904803019226
-0.903856198334
-0.902902582977
-0.901942162382
-0.90097492176
-0.900001068146
-0.899020376793
-0.898032836779
-0.897038439145
-0.896037170904
-0.89502902303
-0.894013982469
-0.89299203813
-0.891963178889
-0.890927393592
-0.889884671055
-0.888835000061
-0.887778367368
-0.886714761704
-0.885644171766
-0.884566586229
-0.883481993739
-0.882390384925
-0.881291746384
-0.880186068696
-0.879073338411
-0.877953546068
-0.876826910725
-0.875693190377
-0.874552373501
-0.873404710393
-0.872250191543
-0.871088807415
-0.869920548502
-0.868745405278
-0.867563096363
-0.866373608137
-0.865176930982
-0.863973053266
-0.862761965355
-0.86154365359
-0.860318390912
-0.85908588112
-0.857846114561
-0.85659907755
-0.855344758413
-0.854083145479
-0.852814227069
-0.85153799151
-0.850254429145
-0.848963524271
-0.847665267236
-0.846359646379
-0.845046930924
-0.843727141839
-0.842399956152
-0.84106536022
-0.839723342429
-0.838373891176
-0.837016992854
-0.835652637906
-0.834280814773
-0.832901511915
-0.831514717806
-0.830120420942
-0.82871860782
-0.827309269
-0.825892393043
-0.824467968538
-0.823035984095
-0.821596780048
-0.820149993468
-0.818695935226
-0.817234271972
-0.8157649945
-0.814288087569
-0.812803542042
-0.811311344772
-0.809811488718
-0.808303958794
-0.806788746017
-0.805265839428
-0.80373522811
-0.802196901195
-0.80065084584
-0.799097053293
-0.797535512831
-0.795966213787
-0.794389145544
-0.792804297544
-0.791211657263
-0.789611216276
-0.7880029642
-0.786386890713
-0.784762985555
-0.783131240553
-0.781491643564
-0.779844184531
-0.778188853466
-0.776525640456
-0.77485453364
-0.773175918732
-0.771489392705
-0.769794945955
-0.76809256694
-0.766382246218
-0.764663976445
-0.76293774835
-0.76120355275
-0.75946183914
-0.757712140079
-0.755954446661
-0.754188750079
-0.752415041619
-0.750633312672
-0.748843986176
-0.747047056578
-0.745242081564
-0.743429050937
-0.741607958623
-0.739778792645
-0.737941549155
-0.736096218411
-0.734242792792
-0.732381266795
-0.730511635038
-0.728633890266
-0.726748021351
-0.724854023288
-0.722951889201
-0.721041614347
-0.719123190126
-0.717196610069
-0.715261869836
-0.713318961247
-0.71136787826
-0.709408616957
-0.707441169603
-0.705465528611
-0.703481690515
-0.701489648041
-0.69948939803
-0.697480935501
-0.695464255639
-0.69343935379
-0.691406225467
-0.689364866352
-0.687315272299
-0.685257441301
-0.683191367595
-0.681117047561
-0.6790344758
-0.676943649057
-0.674844564264
-0.672737218541
-0.670621611151
-0.668497741547
-0.666365605478
-0.664225200838
-0.662076525724
-0.659919578436
-0.657754357479
-0.655580863503
-0.653399734978
-0.651210329809
-0.64901264735
-0.646806685245
-0.644592445213
-0.642369927268
-0.640139131653
-0.637900060756
-0.635652711449
-0.633397086583
-0.631133187328
-0.628861015096
-0.626580571543
-0.624291858566
-0.621994878313
-0.61968963318
-0.617376127705
-0.615055070074
-0.61272575468
-0.610388184948
-0.608043085388
-0.605690396459
-0.603329467485
-0.600960302953
-0.59858290576
-0.596197282805
-0.593803437548
-0.591401377441
-0.588991108366
-0.586572636493
-0.584145968279
-0.58171110864
-0.57926806646
-0.576816847253
-0.574357460493
-0.57188991413
-0.569414212784
-0.566930368652
-0.564438390609
-0.561938286039
-0.559430064453
-0.556913737475
-0.554389315252
-0.551856808259
-0.549316225513
-0.546767579925
-0.544210882957
-0.541646146406
-0.539073382409
-0.5364926052
-0.533903824089
-0.531307052243
-0.528702304924
-0.526089594255
-0.523468941388
-0.520840353975
-0.518203848673
-0.515559440774
-0.512907147644
-0.510246983593
-0.507578963309
-0.504903106946
-0.502219429942
-0.499527948122
-0.496828679374
-0.49412164364
-0.491406859567
-0.488685262784
-0.485956877135
-0.483221726834
-0.480478907791
-0.477728440572
-0.474970344511
-0.472204644212
-0.469431359811
-0.466650513464
-0.463862127732
-0.46106622558
-0.458262830376
-0.455452933677
-0.452635592302
-0.449810830843
-0.446978674307
-0.444139148115
-0.441292278107
-0.438438092082
-0.435576615179
-0.4327078745
-0.42983189757
-0.426948712338
-0.424058347181
-0.421160832399
-0.418256197221
-0.415344469825
-0.41242568178
-0.409499862146
-0.406567041889
-0.403627252409
-0.400680524102
-0.397726889253
-0.394766382004
-0.391799035511
-0.388824883366
-0.385843959604
-0.382857273924
-0.379863886404
-0.37686383239
-0.373857147674
-0.370843868493
-0.367825025292
-0.364799661807
-0.361767815595
-0.358729524652
-0.355684826113
-0.352633761481
-0.349576368786
-0.346512686526
-0.343442756208
-0.3403666185
-0.337284314515
-0.334195885813
-0.331101374394
-0.328000821477
-0.324894269959
-0.321781764383
-0.318663348524
-0.31553906659
-0.312408964411
-0.3092730859
-0.306131477742
-0.302984184743
-0.299831253304
-0.296672730258
-0.293508662873
-0.290339099952
-0.287164088518
-0.283983677127
-0.280797913687
-0.277606848681
-0.274410531939
-0.271209014755
-0.26800234573
-0.264790575962
-0.261574868944
-0.258354166953
-0.255128521295
-0.251897984682
-0.248662611194
-0.245422453388
-0.242177565181
-0.238927999961
-0.235673813365
-0.232415060497
-0.229151797738
-0.225884079186
-0.22261196198
-0.219336766977
-0.216058437987
-0.212775881123
-0.209489155741
-0.20619831908
-0.202903429559
-0.199604545169
-0.196301725827
-0.192995030249
-0.189684519774
-0.186370253813
-0.183052292866
-0.179730697766
-0.176406828602
-0.173079447507
-0.169748616943
-0.166414398993
-0.163078164138
-0.159739977126
-0.15639978306
-0.153056453005
-0.149710050467
-0.146360639233
-0.143008283948
-0.139653048939
-0.136294998803
-0.13293419786
-0.129570712289
-0.126204606934
-0.122835947408
-0.119464799567
-0.116091229501
-0.11271530353
-0.109337088196
-0.105956649828
-0.10257405541
-0.0991893725413
-0.0958026686007
-0.092414010779
-0.0890234668488
-0.0856311051186
-0.0822369937044
-0.0788412008914
-0.0754451475449
-0.0720487796795
-0.0686509363911
-0.0652516865121
-0.0618510987512
-0.0584492424678
-0.0550461868843
-0.0516420013404
-0.0482367554919
-0.0448305188787
-0.0414233607794
-0.038015351279
-0.0346065600363
-0.0311970568136
-0.0277869115956
-0.0243761945407
-0.0209649757392
-0.0175533253304
-0.0141413134968
-0.0107290104566
-0.00731648641372
-0.00390381168007
-0.000491056555379
0.00292170868385
0.00633441375569
0.00974698836039
0.0131593621834
0.0165714650075
0.0199832266029
0.0233945767726
0.0268054453601
0.0302157622553
0.033625457402
0.0370344605359
0.0404427019972
0.0438501120934
0.0472566208895
0.0506621585112
0.0540666555559
0.0574700423181
0.060872249631
0.0642732082268
0.0676728489583
0.0710711030762
0.0744679017087
0.0778631755311
0.0812568562428
0.0846488753997
0.0880391647179
0.0914276560797
0.0948142815398
0.0981989733319
0.101581663874
0.104962285777
0.108340771847
0.111717054663
0.115091067876
0.11846274492
0.121832019451
0.12519882535
0.128563096733
0.131924767953
0.135283773608
0.138640048543
0.141993527314
0.14534414639
0.148691840838
0.152036546557
0.155378199722
0.15871673679
0.162052094503
0.165384209897
0.168713020303
0.17203846269
0.175360475658
0.178678996771
0.181993965279
0.185305320067
0.188613001067
0.191916947093
0.195217098016
0.198513394043
0.201805775724
0.205094183954
0.208378559978
0.211658845394
0.214934982156
0.218205643828
0.221470891018
0.22473181748
0.227988366674
0.231240483313
0.23448811073
0.23773119442
0.240969679371
0.244203510958
0.247432635885
0.250656999373
0.253876547975
0.257091228646
0.260300987757
0.263505774048
0.266705535682
0.269899003498
0.273087343601
0.276270504361
0.279448438736
0.282621095927
0.285788425535
0.288950379718
0.292106909988
0.29525796718
0.298403504756
0.301543475505
0.304677832642
0.307806530957
0.310929523385
0.314046764436
0.317158209054
0.320263811435
0.323363528574
0.326457314319
0.329545126548
0.332626924821
0.335702665479
0.338772306526
0.341835806403
0.344893123994
0.347944218619
0.350989048764
0.354027574624
0.357059758135
0.360085560381
0.363104942891
0.366117867633
0.369124295684
0.372124189886
0.375117514872
0.378104235734
0.381084315281
0.384057718124
0.387024410698
0.389984357104
0.392937523268
0.395883875552
0.398823380752
0.401756003249
0.404681713567
0.407600479806
0.410512269049
0.413417050256
0.416314795749
0.419205472412
0.422089051973
0.424965503625
0.427834799964
0.430696914026
0.43355181626
0.43639947904
0.439238967544
0.442071161462
0.444896037512
0.447713568208
0.450523726463
0.453326488716
0.456121828687
0.458909723648
0.461690149706
0.464463083371
0.467228501557
0.469986379976
0.472736697949
0.475478576994
0.478212852585
0.480939503627
0.483658509418
0.486369848003
0.489073501096
0.491769449155
0.494457669699
0.497138147269
0.499810865135
0.502475803596
0.505132945
0.507782272062
0.510423767868
0.513057415871
0.515683199887
0.518301102382
0.520911109602
0.52351320472
0.526106422517
0.528691701195
0.53126902671
0.533838385362
0.536399763796
0.538953148999
0.54149852654
0.544035884074
0.546565209595
0.549086493198
0.55159972354
0.554104891386
0.556601984259
0.559090989997
0.561571900337
0.564044705541
0.566509396183
0.568965963147
0.571414395816
0.573854687502
0.576286830006
0.578710815428
0.581126637997
0.583534288576
0.585933760149
0.588325045992
0.590708139665
0.593083035013
0.595449726163
0.59780820752
0.600158471907
0.602500516138
0.604833610158
0.60715847504
0.609475104671
0.611783496946
0.614083648147
0.616375556695
0.618659217502
0.620934627612
0.623201784324
0.625460685176
0.627711327955
0.629953710688
0.632187831642
0.634413687409
0.636630608624
0.63883926453
0.64103965432
0.643231777416
0.645415633462
0.647591222321
0.649758544075
0.651917599022
0.65406838767
0.656210908806
0.658345165293
0.6604711602
0.662588892925
0.664698365002
0.666799576221
0.668891970751
0.670976112579
0.673051395992
0.675118429789
0.677177216651
0.679227757489
0.681270057304
0.68330411932
0.68532994301
0.687347535874
0.689356901654
0.691358044261
0.693350967771
0.695335676424
0.697312174622
0.699280466926
0.701240558056
0.703192454859
0.705136160381
0.707071679796
0.708999018425
0.71091818372
0.712829179306
0.714732010934
0.716626686481
0.718513209984
0.720391587606
0.722261825637
0.724123928507
0.725977906756
0.727823765066
0.729661510237
0.731490645976
0.733311682705
0.735124625582
0.736929479878
0.73872625498
0.740514958385
0.742295599703
0.744068186646
0.745832727034
0.747589228789
0.749337697927
0.751078146587
0.752810580982
0.754534586975
0.756250595557
0.757958615229
0.759658652569
0.761350718266
0.763034821083
0.764710967855
0.766379169525
0.768039435103
0.769691338066
0.771335323324
0.772971400116
0.774599577756
0.776219865629
0.777832271172
0.779436805927
0.781033477465
0.782622297461
0.784203277653
0.785776425801
0.787341751746
0.788899265384
0.790448976674
0.791990895625
0.793525032302
0.7950513948
0.796569995308
0.798080491738
0.79958324675
0.801078270652
0.802565575816
0.804045172635
0.805517067499
0.806981272907
0.80843779937
0.809886657439
0.811327857699
0.812761410771
0.814186970694
0.815604904853
0.817015221938
0.818417934709
0.819813053934
0.821200590404
0.822580554936
0.823952948261
0.82531778933
0.826675089024
0.828024860267
0.829367109935
0.830701853006
0.832029102453
0.833348867217
0.834661152219
0.835965974508
0.837263345084
0.838553274957
0.839835775143
0.841110856665
0.842378530555
0.843638807846
0.844891423505
0.846136662686
0.847374538446
0.848605061822
0.849828243854
0.851044095578
0.85225263004
0.853453856254
0.854647783227
0.855834426008
0.857013793587
0.858185896967
0.859350747138
0.860508353069
0.861658727741
0.862801882113
0.863937825114
0.865066569686
0.866188126742
0.867302505169
0.86840971786
0.869509775677
0.870602687452
0.87168846401
0.872767118163
0.873838658681
0.874903096321
0.875960443826
0.877010711905
0.878053911242
0.8790900545
0.880119150304
0.881141209257
0.882156241936
0.883164256878
0.884165266603
0.885159281595
0.886146312305
0.887126369152
0.888099462523
0.889065602769
0.890024800207
0.890977065118
0.891922407747
0.892860838301
0.893792366951
0.894717005823
0.895634763014
0.89654564658
0.89744966454
0.898346830853
0.899237153453
0.900120642226
0.900997311003
0.901867167585
0.902730221729
0.903586483142
0.904435963477
0.905278670357
0.906114611362
0.906943796015
0.907766235779
0.908581940077
0.909390920269
0.910193181704
0.91098873763
0.911777593294
0.912559757869
0.91333524246
0.914104056129
0.914866207891
0.915621554546
0.916370106523
0.917112023331
0.91784731376
0.918575986543
0.919298050354
0.920013511833
0.92072238152
0.92142466792
0.922120381454
0.922809379356
0.923491683003
0.924167436814
0.924836648988
0.925499327666
0.926155480928
0.926804976937
0.927447825236
0.928084172012
0.928714025089
0.929337392233
0.929954281142
0.930564699451
0.93116865473
0.931766154483
0.93235720615
0.932941701686
0.933519649767
0.934091171702
0.934656274662
0.935214868386
0.93576696105
0.936312653895
0.936851955784
0.937384873543
0.937911411969
0.938431579715
0.938945383401
0.939452829575
0.939953924715
0.940448675232
0.9409370855
0.941419165707
0.941894920088
0.942364354762
0.942827473822
0.943284287164
0.943734798732
0.944179012399
0.944616935883
0.945048572911
0.945473931051
0.945893015839
0.946305830781
0.946712385177
0.947112680427
0.947506723724
0.947894520232
0.948275995089
0.948651233257
0.949020239669
0.949383017226
0.949739572664
0.950089842101
0.950433898753
0.950771747166
0.951103391812
0.951428837086
0.951748087304
0.952061146705
0.952368019448
0.952668709613
0.952963219255
0.953251552299
0.953533714542
0.953809707801
0.954079535764
0.954343148898
0.954600607771
0.954851913883
0.955097070606
0.955336081225
0.955568950897
0.955795678858
0.956016270103
0.956230727598
0.956439052288
0.956641250867
0.956837326064
0.957027280523
0.957211114863
0.957388831568
0.957560431093
0.957725917703
0.957885293639
0.958038561057
0.95818572009
0.958326776619
0.95846172867
0.958590580016
0.958713330462
0.958829983618
0.958940543011
0.959045008201
0.959143380609
0.959235661572
0.959321852347
0.959401954104
0.959475969878
0.959543898735
0.959605743544
0.959661503206
0.959711178484
0.959754770053
0.959792278509
0.959823706309
0.959849053881
0.959868319632
0.95988150577
0.959888610535
0.959889634028
0.959884576264
0.959873435235
0.959856210794
0.959832904651
0.959803514549
0.95976804798
0.959726498519
0.959678865604
0.95962514859
0.959565357632
0.959499481041
0.959427517923
0.959349467304
0.959265330071
0.95917510314
0.95907878529
0.958976373274
0.958867867651
0.958753266951
0.958632569622
0.958505774031
0.958372899899
0.958233922051
0.958088840554
0.957937651504
0.957780354802
0.957616948324
0.957447429866
0.957271797143
0.957090047785
0.956902177399
0.95670818151
0.95650805945
0.956301810474
0.956089431808
0.955870922545
0.955646275856
0.95541548873
0.955178560016
0.954935486539
0.954686263096
0.9544308883
0.954169358736
0.95390167091
0.953627821246
0.953347808041
0.953061625611
0.952769270147
0.952470737757
0.952166085585
0.951855248476
0.951538224252
0.951215004811
0.950885587822
0.950549968926
0.950208141734
0.949860103684
0.949505848233
0.949145370711
0.948778668325
0.948405734302
0.948026565696
0.947641155579
0.947249500856
0.946851677226
0.946447596714
0.946037257953
0.945620653639
0.945197778349
0.944768628539
0.94433319668
0.943891567383
0.943443725998
0.942989678387
0.942529420034
0.942062850697
0.941589964364
0.941110853408
0.940625513048
0.940133938451
0.939636113413
0.939131940304
0.93862141269
0.938104524067
0.93758126786
0.937051637425
0.936515626048
0.935973327224
0.935424633835
0.934869654283
0.934308383005
0.933740814379
0.933166942742
0.932586641327
0.931999902879
0.93140684404
0.930807445518
0.930201587844
0.929589263507
0.92897046296
0.928345180533
0.927713408521
0.927075139155
0.926430364603
0.925779076971
0.925121266327
0.924456926627
0.923786049787
0.923108629646
0.922424656024
0.921734120657
0.921037015223
0.920333331341
0.919623060568
0.918906347263
0.918183030033
0.917453100265
0.916716547308
0.915973366396
0.915223546767
0.914467079586
0.913703955959
0.912934166939
0.912157703527
0.911374556669
0.910584717256
0.909788176132
0.908984924086
0.908174951858
0.907358250134
0.906534988517
0.905704976673
0.904868207131
0.904024670386
0.903174356884
0.902317255033
0.901453357178
0.900582653625
0.899705134636
0.89882079043
0.897929611181
0.897031589017
0.896126712029
0.895214968271
0.894296349743
0.89337084641
0.892438446199
0.891499138998
0.890552916652
0.889599770971
0.888639689729
0.887672662664
0.88669868148
0.885717733844
0.884729811392
0.883734903723
0.882732998408
0.881724086984
0.880708156956
0.879685199802
0.878655200961
0.877618151854
0.876574041873
0.875522862391
0.87446459873
0.87339924221
0.872326778104
0.871247197686
0.870160492205
0.869066650883
0.86796566493
0.86685752152
0.865742207803
0.864619714936
0.863490032042
0.862353148234
0.861209050599
0.860057724191
0.858899164117
0.857733631029
0.856560842436
0.855380785359
0.854193450842
0.852998827904
0.851796903545
0.850587668786
0.849371110613
0.848147220038
0.846915986059
0.845677397668
0.844431443858
0.843178113621
0.841917395953
0.840649281867
0.839373760366
0.838090816416
0.836800441048
0.835502621262
0.834197344064
0.832884602528
0.831564385701
0.830236682643
0.828901482426
0.827558774137
0.826208544859
0.824850785727
0.823485485881
0.8221129097
0.820732771208
0.819345059608
0.817949764123
0.816546874004
0.815136380549
0.813718269017
0.81229252874
0.810859149077
0.809418121446
0.807969435269
0.806513080009
0.80504904516
0.803577318234
0.802097892845
0.800610756582
0.7991158991
0.797613310094
0.796102979306
0.794584894501
0.793059045512
0.791525422223
0.789984016588
0.788434818592
0.786877820294
0.785313007752
0.783740375155
0.782159910694
0.780571604639
0.778975447325
0.777371429147
0.775759538548
0.774139766055
0.7725121063
0.770876547931
0.769233081689
0.767581698384
0.765922388904
0.764255144214
0.762579953344
0.76089680943
0.759205703682
0.757506625377
0.755799567906
0.754084522732
0.752361481411
0.750630433582
0.748891372994
0.747144291484
0.745389180986
0.743626029521
0.74185483524
0.740075590379
0.738288287282
0.736492916396
0.73468947028
0.732877941606
0.731058323157
0.729230607833
0.727394786653
0.725550854749
0.723699264423
0.721840060418
0.719972726163
0.718097253306
0.716213637605
0.714321870969
0.712421947433
0.710513861166
0.70859760846
0.706673183765
0.70474058167
0.702799796911
0.700850826351
0.698893663044
0.696928302172
0.694954739074
0.692972969244
0.69098355219
0.688985920074
0.686980064936
0.684965986855
0.682943682142
0.680913147277
0.678874378913
0.676827373879
0.67477212918
0.672708640044
0.670636905794
0.668556922029
0.666468688438
0.664372202949
0.66226746368
0.660154470886
0.658033223076
0.655903717019
0.653765949691
0.651619924074
0.649465635628
0.647303085812
0.645132274368
0.642953201253
0.640765866639
0.638570269004
0.636366408963
0.63415428927
0.631934577052
0.629706607805
0.627470383058
0.62522590267
0.622973170543
0.620712188915
0.618442960267
0.616165485439
0.613880466206
0.611587909783
0.609287823669
0.606979507511
0.604662965296
0.602338199404
0.600005216213
0.59766402236
0.59531462103
0.592957017537
0.59059121562
0.588217222995
0.585835047649
0.583444694166
0.581046167418
0.578639478073
0.576225392044
0.57380315129
0.571372769155
0.568934253807
0.566487613714
0.564032857645
0.561569992874
0.559099030589
0.556619980482
0.55413285077
0.551637653564
0.549134399507
0.546623101339
0.544103768568
0.541576412806
0.539041047757
0.536497683929
0.533946333926
0.531387010689
0.52882042355
0.52624589037
0.523663423374
0.521073038603
0.518474750707
0.515868574692
0.513254527628
0.510632623519
0.508002881838
0.505365315618
0.502719941655
0.500066777108
0.497405839507
0.494737148422
0.492060720451
0.489376572575
0.48668472713
0.483985200212
0.481278011607
0.478563183119
0.475840735296
0.473110687448
0.470373909378
0.4676295763
0.464877708708
0.462118330704
0.459351465179
0.456577135424
0.453795365132
0.451006176825
0.448209596574
0.44540564617
0.442594354039
0.439775745904
0.436949849432
0.434116689635
0.431276293475
0.428428688327
0.425573903491
0.422711964174
0.419842900508
0.416966741547
0.41408351529
0.41119324871
0.408295976535
0.405391728064
0.402480535931
0.399562430305
0.396637446091
0.393705614329
0.390766967917
0.387821538782
0.384869362095
0.381910472051
0.378944903284
0.37597376357
0.372996014751
0.370012774617
0.367023983706
0.364028696229
0.361026948053
0.358018775496
0.355004217952
0.351983313931
0.34895610238
0.345922622684
0.342882914662
0.33983701731
0.336784972583
0.333726820365
0.330662603465
0.327592365106
0.324516147714
0.321433992942
0.318345942894
0.3152520425
0.312152335926
0.309046866601
0.305935681871
0.302818826036
0.299696344977
0.296568285003
0.293434692846
0.290295615665
0.287151101038
0.284002275203
0.280848108683
0.277688650296
0.27452394822
0.271354052114
0.268179013074
0.264998880549
0.261813706432
0.258623542003
0.255428437959
0.252228447369
0.249023621751
0.245814014949
0.242599680233
0.239380669402
0.23615703837
0.232928841569
0.229696133817
0.226458970309
0.223217406618
0.219971499548
0.216722348795
0.213468967059
0.210211411363
0.206949739899
0.203684009589
0.200414278517
0.197140605119
0.193863048172
0.190581666039
0.187296518931
0.184007665902
0.180715167799
0.177419084352
0.174119476332
0.170816405504
0.167509932582
0.164200119268
0.160887028208
0.157570721688
0.154251262906
0.150928714108
0.147603138442
0.144274599331
0.140943159902
0.137608884688
0.134271837369
0.13093208297
0.127589686222
0.124244711597
0.120897224818
0.117547291814
0.114194978253
0.110840350027
0.107483472804
0.104124413345
0.100763237761
0.0974000127927
0.0940348049862
0.0906676814762
0.0872987099404
0.0839279578581
0.0805567122452
0.0771838216559
0.0738093537235
0.0704333765527
0.0670559583933
0.063677167901
0.0602970735824
0.0569157440702
0.0535332478885
0.0501496541289
0.0467650317616
0.0433794498565
0.0399929774031
0.0366056838241
0.0332176385948
0.0298289108379
0.026439570274
0.0230496863121
0.0196593286254
0.0162685667493
0.0128774703507
0.00948734206035
0.00609837462975
0.00271041136776
-0.000677607619077
-0.00406425746474
-0.00745082372659
-0.0108358822201
-0.0142207179979
-0.0176052615166
-0.0209894431905
-0.0243731935249
-0.0277564429697
-0.0311391222172
-0.0345211617931
-0.0379024922571
-0.0412830445135
-0.044662749568
-0.0480415383563
-0.0514193419021
-0.0547960913233
-0.0581717178393
-0.0615461527771
-0.0649193273316
-0.0682911730509
-0.0716616218821
-0.0750306050759
-0.0783980554636
-0.0817639045413
-0.0851280848808
-0.0884905288997
-0.0918511691807
-0.0952099384774
-0.0985667697198
-0.10192159563
-0.105274350305
-0.108624966839
-0.111973378497
-0.115319519171
-0.118663322965
-0.122004724669
-0.125343658844
-0.128680060277
-0.13201386399
-0.135345004726
-0.138673417979
-0.141999038405
-0.14532180366
-0.148641650025
-0.151958514044
-0.155272332535
-0.158583041982
-0.16188949481
-0.165192714492
-0.168492639007
-0.17178920597
-0.175082354619
-0.178372023835
-0.181658152113
-0.184940679657
-0.188219545569
-0.191494690721
-0.194766055587
-0.198033580973
-0.201297208023
-0.204556878216
-0.207812533379
-0.211064115681
-0.214311567646
-0.21755483215
-0.220793852428
-0.224028572075
-0.227258935052
-0.230484884811
-0.233706367817
-0.236923328258
-0.240135712496
-0.243343464529
-0.246546530563
-0.249744859079
-0.252938396122
-0.256127089075
-0.259310886694
-0.262489736173
-0.265663586084
-0.268832386411
-0.271996085521
-0.27515463423
-0.278307980651
-0.281456076429
-0.284598872575
-0.287735239598
-0.290866210634
-0.293991739058
-0.297111776467
-0.300226275977
-0.303335189994
-0.306438472469
-0.309536077771
-0.312627961856
-0.315714079957
-0.318794387731
-0.321868840079
-0.324936250974
-0.327996581999
-0.331050930508
-0.334099254345
-0.337141510548
-0.340177657813
-0.34320765778
-0.346231468763
-0.349249050764
-0.352260364219
-0.355265368704
-0.35826402421
-0.361256293763
-0.364242139522
-0.367221525406
-0.370194413111
-0.373160767437
-0.376120550927
-0.379073729265
-0.382020267209
-0.384960129949
-0.387893281717
-0.390819689952
-0.393739321133
-0.396651094522
-0.399555075799
-0.4024511442
-0.405340307037
-0.408222531514
-0.411097786697
-0.413966043533
-0.416827274874
-0.419681448116
-0.422528535496
-0.425368505207
-0.428201330328
-0.431026982859
-0.433845435214
-0.436656660217
-0.439460632634
-0.442256345021
-0.445043776436
-0.447823876735
-0.450596620799
-0.453361985474
-0.45611994645
-0.458870479816
-0.46161356047
-0.464349163696
-0.46707726835
-0.46979785209
-0.472510891351
-0.475216364562
-0.477914250534
-0.480604525207
-0.483287168146
-0.48596216586
-0.488629497047
-0.491289142419
-0.493941084721
-0.496585302086
-0.499221779676
-0.501850499686
-0.504471442994
-0.507084590829
-0.509689133203
-0.512285849044
-0.514874720641
-0.51745478064
-0.520026112469
-0.522589556625
-0.525145096783
-0.527692720409
-0.530231575647
-0.532761727775
-0.535283094286
-0.537795740307
-0.540300404935
-0.542797074169
-0.545285737852
-0.547766384393
-0.550239002514
-0.552703581258
-0.555160109978
-0.557608578342
-0.560048976325
-0.562481294208
-0.564905522579
-0.567321652321
-0.569729676431
-0.57212958458
-0.574521368544
-0.576905020387
-0.579280532467
-0.581647897421
-0.584007108175
-0.586358156094
-0.588701036499
-0.5910357413
-0.593362264525
-0.595680602321
-0.597990749257
-0.600291981981
-0.602585014063
-0.604869840859
-0.607146456111
-0.609414855684
-0.61167503757
-0.613926996259
-0.616170728362
-0.618406230735
-0.620633502365
-0.622852540589
-0.625063342981
-0.627265907351
-0.629460231739
-0.63164631251
-0.633824148157
-0.635993737396
-0.638155082986
-0.640308182173
-0.642453036246
-0.644589642876
-0.64671800186
-0.648838111277
-0.650949973268
-0.653053588247
-0.6551489549
-0.657236068236
-0.659314937007
-0.661385562418
-0.663447947805
-0.665502092812
-0.66754799921
-0.669585668953
-0.67161510418
-0.673636307204
-0.675649280519
-0.677654026792
-0.679650548863
-0.681638849741
-0.683618930639
-0.685590796863
-0.687554451915
-0.689509899461
-0.691457143323
-0.69339572115
-0.695325640187
-0.697247370237
-0.699160913756
-0.701066273344
-0.702963455703
-0.704852467677
-0.706732827616
-0.708604441369
-0.710467898545
-0.712323204556
-0.714170362956
-0.716009381402
-0.717840265693
-0.719663021749
-0.721477657609
-0.723284177446
-0.725082587547
-0.726872892319
-0.728655098279
-0.730429212058
-0.732195244391
-0.733953200131
-0.735703086233
-0.737444907757
-0.73917867387
-0.740904389835
-0.742622065021
-0.74433170689
-0.746033320992
-0.747726916984
-0.749412502609
-0.751090085699
-0.752759674172
-0.754421274024
-0.756074891335
-0.757720536285
-0.759358217129
-0.760987942197
-0.762609721911
-0.764223564754
-0.765829479284
-0.767427474128
-0.769017557986
-0.770599358743
-0.772173268241
-0.773739291342
-0.775297439026
-0.776847720313
-0.778390144285
-0.779924720083
-0.781451456907
-0.782970003435
-0.784480371639
-0.785982928976
-0.78747768283
-0.788964646696
-0.790443828053
-0.791915236447
-0.793378881468
-0.79483477275
-0.796282919967
-0.797723332835
-0.799156023128
-0.800580996594
-0.80199826306
-0.803407832385
-0.804809716485
-0.806203925282
-0.80759046671
-0.80896935075
-0.810340591458
-0.811704196846
-0.813060178997
-0.814408260944
-0.815748739911
-0.817081623999
-0.81840692133
-0.819724638022
-0.821034786279
-0.822337376292
-0.823632422315
-0.824919934569
-0.826199923287
-0.827472398711
-0.828737371095
-0.8299948507
-0.831244845772
-0.832487368609
-0.83372242949
-0.834950036675
-0.836170202471
-0.837382937164
-0.838588251041
-0.839786154387
-0.840976657486
-0.842159770619
-0.843335504064
-0.844503866072
-0.845664868929
-0.846818522891
-0.847964836193
-0.849103823109
-0.850235489836
-0.851359846595
-0.852476905607
-0.853586677066
-0.854689171154
-0.855784398031
-0.856872369862
-0.857953094764
-0.85902658285
-0.8600928422
-0.861151884905
-0.862203721017
-0.863248360567
-0.864285811553
-0.865316085973
-0.86633919379
-0.867354927052
-0.868363515604
-0.869364973348
-0.870359304109
-0.87134651771
-0.87232660788
-0.873299590414
-0.874265485092
-0.875224297604
-0.876176039629
-0.877120722813
-0.878058158343
-0.87898855624
-0.879911924033
-0.880828271216
-0.881737607248
-0.882639939546
-0.883535277492
-0.884423630432
-0.885305009672
-0.886179422475
-0.887046880063
-0.887907391617
-0.888760964272
-0.889607609124
-0.890447337224
-0.891280155579
-0.892105901376
-0.892924755325
-0.893736726295
-0.894541823106
-0.895340052533
-0.896131425297
-0.896915950073
-0.897693635486
-0.898464488117
-0.899228516492
-0.899985731082
-0.900735985858
-0.901479445651
-0.902216114793
-0.902946005528
-0.903669124075
-0.904385478585
-0.905095077159
-0.90579792983
-0.906494042596
-0.907183423388
-0.90786608008
-0.908542018499
-0.909211246408
-0.909873771507
-0.910529603426
-0.911178749746
-0.911821217991
-0.912457013634
-0.91308614408
-0.913708616671
-0.914324440669
-0.914933623292
-0.915536173676
-0.916132094947
-0.916721276935
-0.917303845794
-0.917879808425
-0.918449167701
-0.919011934353
-0.919568113107
-0.92011771258
-0.920660741324
-0.921197201888
-0.921727100711
-0.922250446145
-0.922767244493
-0.923277501994
-0.923781226792
-0.924278424988
-0.924769100635
-0.925253257722
-0.925730904118
-0.926202045644
-0.926666688054
-0.927124837031
-0.927576498187
-0.928021677063
-0.928460379128
-0.928892595977
-0.92931834674
-0.929737638642
-0.930150472922
-0.93055685469
-0.930956790952
-0.931350284701
-0.931737342795
-0.932117968081
-0.9324921653
-0.93285994109
-0.93322130004
-0.93357624667
-0.933924783456
-0.934266916732
-0.934602652757
-0.934931993781
-0.935254941979
-0.935571503382
-0.935881680013
-0.93618547775
-0.936482900429
-0.936773949843
-0.937058631641
-0.937336947464
-0.937608902802
-0.937874501106
-0.938133745748
-0.938386640024
-0.938633187148
-0.938873390258
-0.939107252417
-0.939334776604
-0.939555965726
-0.939770820642
-0.93997934606
-0.940181544648
-0.94037737681
-0.940566887237
-0.940750076395
-0.940926948596
-0.941097508069
-0.941261755043
-0.941419691628
-0.941571288523
-0.941716547453
-0.941855472399
-0.941988094594
-0.942114415746
-0.942234435524
-0.942348157434
-0.942455580983
-0.942556709519
-0.942651542386
-0.942740084728
-0.942822335732
-0.942898298418
-0.942967971813
-0.943031356816
-0.943088454249
-0.943139262894
-0.943183774821
-0.943222001155
-0.943253942393
-0.943279598952
-0.943298971164
-0.943312059283
-0.943318863481
-0.94331938189
-0.943313616369
-0.943301566958
-0.943283233503
-0.943258617266
-0.943227712521
-0.943190524748
-0.94314705151
-0.943097292252
-0.943041246334
-0.942978913036
-0.942910293517
-0.942835384935
-0.942754188288
-0.942666700574
-0.942572922627
-0.942472851285
-0.942366485262
-0.942253821233
-0.94213485971
-0.942009599166
-0.941878039955
-0.941740178426
-0.941596010854
-0.941445535388
-0.94128875206
-0.941125656901
-0.940956247825
-0.940780524624
-0.940598485047
-0.940410124809
-0.940215443462
-0.940014438519
-0.939807105454
-0.939593441621
-0.939373444297
-0.939147114604
-0.938914445733
-0.938675438654
-0.938430088363
-0.938178391745
-0.937920345604
-0.937655946667
-0.93738518962
-0.937108073
-0.936824593299
-0.936534748899
-0.936238534177
-0.935935945395
-0.935626976773
-0.935311626384
-0.934989890265
-0.934661764371
-0.934327244581
-0.933986326701
-0.933639006461
-0.933285279514
-0.932925141438
-0.932558589706
-0.932185617779
-0.93180622298
-0.931420396653
-0.931028137943
-0.930629534195
-0.93022456103
-0.929813140676
-0.929395343378
-0.928971175304
-0.928540544583
-0.928103535398
-0.927660052904
-0.927210089686
-0.92675364023
-0.926290698951
-0.925821260194
-0.925345318233
-0.924862865296
-0.924373897493
-0.92387840691
-0.92337638952
-0.922867934951
-0.922352941369
-0.921831402562
-0.921303312254
-0.920768662122
-0.920227562604
-0.919679996153
-0.919125970286
-0.918565356606
-0.917998150419
-0.917424344986
-0.916843935486
-0.916256915049
-0.915663276744
-0.915063013574
-0.914456116499
-0.913842580378
-0.913222396045
-0.912595558236
-0.911962059643
-0.911321892896
-0.910675050566
-0.910021525161
-0.909361307144
-0.908694388906
-0.908020764764
-0.907340428978
-0.906653371775
-0.905959585312
-0.905259061688
-0.904551792947
-0.903837767097
-0.903116980048
-0.902389566146
-0.901655374763
-0.900914397669
-0.900166626583
-0.899412051171
-0.898650663046
-0.897882453766
-0.897107414837
-0.896325539711
-0.895536819796
-0.894741244453
-0.893938806985
-0.893129498654
-0.892313310671
-0.891490382503
-0.890660556989
-0.889823823206
-0.888980174182
-0.888129600901
-0.887272094303
-0.886407838644
-0.88553663145
-0.884658463535
-0.883773325674
-0.882881388936
-0.881982461703
-0.881076538635
-0.880163610347
-0.879243665415
-0.878316694381
-0.877382687749
-0.876441849521
-0.875493956632
-0.874538997479
-0.873576962429
-0.872607841817
-0.871631627954
-0.870648309102
-0.869657877512
-0.868660323396
-0.867655636937
-0.866643810301
-0.865624829597
-0.864598684927
-0.863565368377
-0.862524869999
-0.861477179823
-0.860422289867
-0.859360188099
-0.858290864484
-0.857214308964
-0.856130509447
-0.855039457853
-0.853941144067
-0.852835559977
-0.851722693422
-0.850602532225
-0.849475066214
-0.848340287217
-0.847198185038
-0.846048745433
-0.844891962218
-0.843727825165
-0.842556324041
-0.841377446587
-0.840191186591
-0.838997531785
-0.837796471913
-0.836587996719
-0.835372095945
-0.83414875933
-0.832917974599
-0.831679733515
-0.830434025824
-0.829180839259
-0.827920163575
-0.826651988535
-0.825376303911
-0.824093101502
-0.822802373118
-0.821504108564
-0.820198295631
-0.818884924148
-0.81756398598
-0.816235833912
-0.814900390009
-0.813557678523
-0.812207356105
-0.810849412701
-0.809483838276
-0.808110622819
-0.806729756345
-0.805341230918
-0.803945036607
-0.802541163509
-0.801129601756
-0.799710663288
-0.798284016603
-0.796849651934
-0.795407559548
-0.793957729751
-0.792500152886
-0.791034819339
-0.789561719536
-0.788080837885
-0.786592170961
-0.785095709326
-0.783591443588
-0.782079366426
-0.780559464512
-0.779031728608
-0.777496149528
-0.775952720163
-0.774401431443
-0.772842274357
-0.771275241969
-0.769700323374
-0.768117509746
-0.766526792328
-0.764928162427
-0.763321611418
-0.761707132762
-0.760084715966
-0.758454350611
-0.756816030377
-0.755169747011
-0.753515492338
-0.751853256255
-0.750183032762
-0.748504813931
-0.746818591921
-0.745124358983
-0.743422107455
-0.741711827764
-0.739993516442
-0.738267164107
-0.736532763476
-0.734790305365
-0.733039782692
-0.731281190479
-0.729514519857
-0.727739766057
-0.725956922424
-0.724165982414
-0.722366939594
-0.720560237003
-0.718745419238
-0.716922482211
-0.715091417975
-0.713252222686
-0.711404888647
-0.709549410279
-0.707685782131
-0.705813998884
-0.703934055354
-0.702045946491
-0.700149667386
-0.698245215244
-0.696332583462
-0.694411767557
-0.692482765165
-0.690545568158
-0.6886001725
-0.686646578246
-0.684684779704
-0.682714775269
-0.680736557608
-0.678750123479
-0.676755471761
-0.674752599541
-0.672741502124
-0.670722762723
-0.66869638251
-0.66666236288
-0.664620113372
-0.662570227738
-0.660512105025
-0.658446350282
-0.656372965855
-0.654291342844
-0.652201480333
-0.650103377599
-0.647997034119
-0.645882451496
-0.643759627685
-0.641628562768
-0.639489257036
-0.637341710991
-0.635185925346
-0.63302190103
-0.630849637281
-0.628669137372
-0.626480402892
-0.624283435654
-0.622078237699
-0.619864811298
-0.617643157064
-0.615413279625
-0.613175180073
-0.610928863508
-0.608674333391
-0.606411593424
-0.604140647561
-0.601861501876
-0.599574158956
-0.597278621653
-0.594974898654
-0.592662993333
-0.590342909334
-0.588014654268
-0.585678234164
-0.583333653482
-0.580980918798
-0.5786200388
-0.576251020618
-0.573873871661
-0.571488599624
-0.569095214305
-0.56669372216
-0.564284826545
-0.561867843611
-0.559442780706
-0.557010353035
-0.554569864883
-0.552121326303
-0.549664747655
-0.547200139609
-0.544727513145
-0.54224687779
-0.539758246926
-0.537261630727
-0.534757043204
-0.532244496937
-0.529724004831
-0.527195578379
-0.524659231154
-0.522114978789
-0.519562835522
-0.51700281593
-0.514434936643
-0.511859211211
-0.509275653538
-0.506684281282
-0.504085110751
-0.501478158605
-0.498863443542
-0.496240981254
-0.493610789474
-0.490972886296
-0.48832729018
-0.485674019953
-0.483013094809
-0.480344532673
-0.477668356758
-0.474984585744
-0.472293240322
-0.469594341561
-0.466887910912
-0.464173970209
-0.461452541669
-0.458723647898
-0.455987311891
-0.453243557034
-0.450492407101
-0.447733886266
-0.444968019095
-0.442194825906
-0.439415139591
-0.436628184891
-0.4338339849
-0.431032567709
-0.428223958772
-0.42540818547
-0.422585277092
-0.41975526183
-0.416918166802
-0.414074022509
-0.411222858377
-0.408364702792
-0.405500510713
-0.402629391382
-0.399751374437
-0.396866489949
-0.393974771269
-0.391076249323
-0.388170958289
-0.385258931351
-0.382340202118
-0.379414804621
-0.376482771945
-0.37354413898
-0.370598942394
-0.367647216574
-0.364688999025
-0.361724326331
-0.358753235505
-0.355775763987
-0.352791949641
-0.349801830764
-0.34680544736
-0.343802837293
-0.340794040139
-0.337779095903
-0.334758045012
-0.331730927084
-0.32869778464
-0.325658659388
-0.32261359346
-0.319562629413
-0.316505810229
-0.313443179311
-0.310374780486
-0.307300658003
-0.30422085653
-0.301136469679
-0.298046493645
-0.294950976584
-0.291849963696
-0.288743501717
-0.285631637793
-0.282514418405
-0.2793918926
-0.276264107697
-0.273131113538
-0.269992958274
-0.266849692532
-0.263701367319
-0.260548032011
-0.257389737394
-0.254226534651
-0.251058475355
-0.247885612431
-0.244707997269
-0.241525682605
-0.238338721557
-0.235147168538
-0.231951076507
-0.228750499711
-0.22554549277
-0.222336109799
-0.219122407021
-0.215904440148
-0.212682265254
-0.209455939589
-0.206225519107
-0.202991060937
-0.199752622547
-0.196510260973
-0.193264035142
-0.190014002782
-0.186760222718
-0.183502754827
-0.180241657852
-0.176976991581
-0.173708817499
-0.170437195312
-0.167162185722
-0.163883849732
-0.16060224864
-0.157317444034
-0.15403067113
-0.150740818953
-0.14744794991
-0.144152126679
-0.140853412205
-0.137551869138
-0.134247561496
-0.130940552463
-0.127630906532
-0.124318687904
-0.121003961509
-0.117686791524
-0.114367242843
-0.111045380578
-0.107721270057
-0.104394976815
-0.10106656659
-0.0977361053175
-0.0944036591235
-0.0910692943197
-0.0877330770353
-0.0843950742973
-0.0810553529381
-0.0777139799519
-0.0743710224882
-0.0710265478462
-0.0676806234685
-0.0643333169347
-0.0609846956988
-0.0576348278526
-0.0542837811199
-0.0509316237964
-0.0475784238503
-0.0442242499458
-0.0408691702569
-0.037513253234
-0.0341565672578
-0.0307991810821
-0.0274411632551
-0.0240825826317
-0.0207235079012
-0.0173640079936
-0.0140041517832
-0.0106440081227
-0.00728364604723
-0.00392313447183
-0.000563886559384
0.00279537292442
0.00615457503382
0.00951365082589
0.0128725313695
0.0162311478031
0.0195894311876
0.0229473127448
0.0263047234864
0.0296615946252
0.0330178575441
0.0363734434463
0.039728283718
0.0430823099751
0.046435453765
0.0497876469045
0.0531388209292
0.0564889076572
0.0598378387836
0.0631855465639
0.0665319631437
0.069877021056
0.0732206524313
0.076562790091
0.0799033664142
0.0832423142181
0.0865795658099
0.0899150542926
0.0932487136492
0.096580476974
0.0999102782794
0.103238050993
0.106563729524
0.10988724808
0.113208540634
0.116527542233
0.119844187703
0.123158412086
0.126470150645
0.129779338874
0.133085912497
0.136389807479
0.139690960027
0.1429893066
0.14628360099
0.149574963334
0.152863330894
0.156147464235
0.15942730375
0.162703962455
0.165977379409
0.169247492685
0.172514241285
0.175777564509
0.179037401956
0.182293693536
0.185546379464
0.188795400997
0.192040698261
0.195282212429
0.198519883478
0.201753655534
0.204983469986
0.208209268543
0.211430994036
0.214648589643
0.217861999724
0.221071168169
0.224276039227
0.227476556635
0.23067266535
0.233863190961
0.23704919923
0.240230636242
0.243407452148
0.246579591024
0.249746999152
0.252909626042
0.256067417761
0.259220323659
0.262368293494
0.265511275437
0.268649219045
0.271780880928
0.274906215639
0.278026364934
0.281141277913
0.284250906166
0.287355202762
0.290454120113
0.293547612136
0.296634466012
0.29971580075
0.302790517114
0.305859623283
0.308923074179
0.311980826297
0.315032834234
0.318079054164
0.321119442677
0.324153956786
0.327182553923
0.330205190724
0.33322182668
0.336232420487
0.339236931264
0.342235317301
0.345227541077
0.348213561721
0.351193340046
0.354166835999
0.357134012532
0.360094831729
0.363049256101
0.36599724858
0.368938771191
0.371873789047
0.374802266352
0.377724167734
0.38063945824
0.383548103341
0.38645006893
0.389345321319
0.392233827242
0.395114609404
0.397988578794
0.400855704829
0.403715955926
0.406569299478
0.409415707622
0.412255147114
0.415087589486
0.417913003752
0.420731362281
0.423542636377
0.426346796259
0.429143815541
0.431933666748
0.434716322808
0.437491757053
0.440259943214
0.443019975182
0.445771831934
0.448516363389
0.451253547995
0.453983359926
0.4567057753
0.459420770628
0.462128324392
0.46482841229
0.46752101039
0.470206098338
0.472883654562
0.475553656251
0.478216084204
0.480870917976
0.483518137494
0.486157723056
0.488789655326
0.491413915336
0.494030482819
0.496639341192
0.499239673057
0.501832260738
0.504417087069
0.506994133549
0.50956260136
0.512122478759
0.514674530312
0.517218740598
0.51975509454
0.522283577403
0.524804174782
0.527316872609
0.529821657145
0.532318514979
0.534807433029
0.537288400284
0.53976140431
0.542226432991
0.54468347453
0.547132515674
0.549573545246
0.552006552378
0.554431526508
0.556847745261
0.55925513402
0.561654462327
0.564044866737
0.566426426463
0.568799899235
0.571165274773
0.573522544888
0.575871699855
0.578212730224
0.580545632298
0.582870400836
0.585187029043
0.587495508557
0.589795831274
0.592087993044
0.594371988136
0.596647809225
0.598915452951
0.601174912495
0.603426186878
0.605669269779
0.607904156988
0.610130846416
0.612349332466
0.614559611657
0.616761678863
0.618954918811
0.62113994311
0.623316749215
0.625485332911
0.627645693998
0.629797830605
0.631941741079
0.634077423984
0.636204878099
0.638324102415
0.640435096134
0.642537856747
0.644632385784
0.646718681137
0.64879617836
0.650864827166
0.652925245291
0.654977433333
0.657021390151
0.659057116719
0.661084616138
0.663103889755
0.665114939096
0.66711717771
0.669110611405
0.671095296989
0.673071766775
0.67503944958
0.676998921743
0.678950185985
0.68089324519
0.682828102401
0.684754760816
0.686673225756
0.688583498761
0.690485585459
0.692379489656
0.694265213335
0.696142758618
0.698012129742
0.699873335035
0.701726379011
0.703571262364
0.705407991855
0.7072365724
0.709057011022
0.710869310908
0.712673477351
0.714469513783
0.716257427729
0.718037222853
0.71980890692
0.721572485816
0.723327965542
0.725074868228
0.726813203527
0.728542981165
0.730264685167
0.731978322061
0.733683898475
0.735381423135
0.737070900864
0.738752336577
0.740425739289
0.742091114098
0.743748470202
0.74539781488
0.747038711564
0.748671613775
0.750296126922
0.751912658845
0.753521217231
0.755121807831
0.756714438483
0.75829911911
0.759875857694
0.761444660276
0.763005536988
0.764558494005
0.766103541592
0.767640688066
0.769169943817
0.770691315268
0.772204810914
0.773710437291
0.775208205021
0.776698122765
0.778180199236
0.779654443196
0.781120863459
0.782579468882
0.784030268372
0.785473270878
0.786908485392
0.78833592095
0.789755586624
0.791167489508
0.792571640772
0.793967691615
0.795356009333
0.796736603175
0.798109480402
0.799474650326
0.800832122287
0.80218156503
0.803523328654
0.804857424598
0.806183862301
0.807502653247
0.808813806917
0.810117003026
0.811412576913
0.812700540132
0.813980902235
0.815253672786
0.816518861362
0.817776477552
0.819026528935
0.820269029164
0.821503985834
0.82273140655
0.823951302966
0.825163684718
0.826368561446
0.827565942793
0.828755838402
0.829937967797
0.831112343003
0.83227926152
0.833438730962
0.834590758939
0.835735357099
0.836872539102
0.838002312539
0.839124684995
0.840239668086
0.841347273415
0.842447508537
0.843540385031
0.844625912446
0.845704096281
0.846774946056
0.847838473292
0.848894687478
0.84994359808
0.850985214551
0.85201954632
0.853046600782
0.854066391358
0.855078925399
0.856084212246
0.857082259206
0.858072878113
0.859056064371
0.860032040627
0.861000814079
0.861962169439
0.862916342381
0.863863342025
0.864803177461
0.86573585775
0.866661389907
0.867579784936
0.868491049786
0.869395197404
0.870292232658
0.871182166414
0.872064818944
0.872940214183
0.873808332947
0.874669202016
0.875523013387
0.876369777682
0.877209501468
0.878042193277
0.878867861599
0.879686514881
0.880497989912
0.881302466689
0.882099953525
0.882890456684
0.88367380703
0.88445019212
0.885219618076
0.885982092975
0.886737626847
0.887486227669
0.88822790137
0.888962657832
0.889690506879
0.89041145229
0.891125501789
0.891832665049
0.892532803652
0.893226071213
0.893912475242
0.894592021198
0.89526471648
0.895930568431
0.896589586336
0.897241777427
0.897887148876
0.898525707799
0.899157461256
0.899782416243
0.900400579703
0.901011958514
0.901616559498
0.902214387424
0.902805450981
0.903389754817
0.903967307502
0.90453811356
0.905102183424
0.905659517513
0.906210124142
0.906754011564
0.907291183986
0.907821649532
0.908345414271
0.908862484204
0.90937286527
0.909876563341
0.910373584222
0.910863833098
0.911347418187
0.911824343108
0.912294613397
0.912758132207
0.913215005274
0.913665235941
0.914108833437
0.914545802956
0.914976149617
0.915399878473
0.915816992521
0.916227496673
0.916631397751
0.917028694579
0.917419397798
0.917803514019
0.91818104581
0.918551997655
0.918916373964
0.919274177094
0.919625401412
0.919970061006
0.920308161976
0.920639708363
0.92096470414
0.9212831532
0.921595057388
0.921900420454
0.922199248045
0.922491543761
0.922777309148
0.923056549631
0.923329268582
0.923595465344
0.923855147091
0.924108261443
0.924354866996
0.924594966742
0.924828565572
0.925055664349
0.925276265836
0.925490372716
0.925697987597
0.925899113013
0.926093749442
0.926281903208
0.926463574636
0.926638761997
0.926807469411
0.926969700916
0.927125458499
0.927274744069
0.927417527687
0.92755384485
0.927683693284
0.927807076558
0.927923996186
0.928034453608
0.928138452153
0.928235991131
0.928327071742
0.928411695107
0.928489862269
0.928561574193
0.928626831765
0.92868563579
0.928737986996
0.92878388603
0.928823333461
0.928856329776
0.928882877359
0.928902974568
0.928916619681
0.928923814841
0.928924560142
0.928918855594
0.928906699161
0.928888092668
0.928863033918
0.928831524577
0.928793564262
0.928749152509
0.928698288774
0.928640972435
0.928577202791
0.928506992605
0.928430327474
0.928347206461
0.928257628546
0.928161594604
0.928059101487
0.927950147943
0.927834732636
0.927712852183
0.927584505092
0.927449689793
0.927308408583
0.927160657764
0.927006433558
0.926845738029
0.926678565268
0.926504950815
0.926324893921
0.926138353446
0.925945329093
0.92574581851
0.925539819271
0.925327326899
0.925108340786
0.924882858272
0.924650878597
0.924412396974
0.924167410516
0.923915914279
0.923657907197
0.923393386152
0.923122404564
0.922844960567
0.922561044854
0.922270601963
0.921973690662
0.921670243145
0.921360257745
0.921043730745
0.920720718166
0.920391156332
0.920055103729
0.919712493922
0.919363387868
0.919007716368
0.918645551804
0.918276813263
0.917901494386
0.917519590724
0.917131099738
0.916736018812
0.916334341302
0.915926046617
0.915511143822
0.915089630018
0.914661500257
0.914226749518
0.913785372713
0.913337364684
0.912882720203
0.912421433972
0.911953500626
0.911478914729
0.910997774147
0.910509969951
0.910015591247
0.909514537599
0.909006801249
0.908492376362
0.907971257034
0.907443439285
0.906908917083
0.906367788892
0.90581994201
0.905265479584
0.904704289944
0.904136364746
0.903561695586
0.902980275987
0.90239210339
0.901797169204
0.901195464774
0.900586985368
0.899971724203
0.899349674434
0.898720829157
0.898085320942
0.897443003253
0.896793996805
0.896138166683
0.895475503699
0.894806000604
0.89412965209
0.893446450793
0.892756387301
0.892059629698
0.891355996925
0.89064562282
0.889928358353
0.889204195843
0.888473129555
0.887735149705
0.886990248455
0.886238417916
0.88547964815
0.884713933171
0.883941264944
0.883161635385
0.882375038364
0.881581461697
0.880780897155
0.879973338474
0.879158779341
0.878337209392
0.877508618216
0.876672999369
0.87583034637
0.874980648677
0.874123895712
0.873260080868
0.872389189465
0.871511218832
0.870626362586
0.86973440763
0.868835347171
0.867929172367
0.867016016204
0.86609572592
0.86516829257
0.864233709186
0.863291966756
0.862343056239
0.861386966547
0.860423688576
0.859453215202
0.858475537263
0.857490647582
0.856498534928
0.855499188042
0.85449259967
0.853478760516
0.852457661261
0.851429292566
0.850393645068
0.849350703333
0.848300466023
0.847242921698
0.846178060915
0.845105876233
0.844026356158
0.8429394912
0.841845271853
0.840743688598
0.8396347319
0.838518392217
0.837394659994
0.836263525665
0.835124977638
0.83397900633
0.832825604172
0.831664761571
0.830496466908
0.829320712602
0.828137489047
0.826946786638
0.825748595768
0.824542906831
0.823329710224
0.822108996347
0.820880757626
0.819644982447
0.818401663246
0.817150788427
0.815892350441
0.814626649547
0.813353366455
0.812072489609
0.810784009491
0.809487914574
0.808184197391
0.806872848471
0.805554186948
0.804227874882
0.802893902862
0.80155225948
0.800202937393
0.798846235098
0.797481833502
0.79610972534
0.79472989934
0.793342348296
0.791947063017
0.790544032321
0.789133251125
0.787714708318
0.786288394849
0.784854299684
0.783412417889
0.781962736495
0.780505246611
0.779039941413
0.777566812103
0.776085849929
0.774597431164
0.773101162287
0.771597034704
0.770085039871
0.768565169299
0.767037414559
0.765501767277
0.763958623243
0.762407976995
0.76084975091
0.759283599742
0.75770951343
0.756127486002
0.754537507535
0.752939572197
0.75133367021
0.749719793881
0.74809793961
0.746468097851
0.744830261144
0.743184424118
0.741531021547
0.739870049228
0.738201460135
0.736524838466
0.734840179289
0.733147477762
0.731446725136
0.729738433216
0.728022598866
0.726299219047
0.724568236218
0.722829170687
0.721082014324
0.719326761102
0.717563407094
0.715791946495
0.714012373611
0.712224682862
0.710428868787
0.708624928031
0.70681285339
0.704992637784
0.703164278222
0.7013282359
0.699484042203
0.697631688592
0.695771172598
0.693902489909
0.692025636352
0.690140605924
0.688247996306
0.686347202389
0.684438715511
0.682522039425
0.680597172794
0.678664665003
0.676724516519
0.674776166955
0.67281961364
0.670854856017
0.668881889791
0.666900712784
0.664911324933
0.662913724398
0.660907905627
0.658893863249
0.656871603712
0.654841125884
0.652802423011
0.650755496267
0.648700347004
0.646636972909
0.644565375715
0.642485553499
0.64039750838
0.638301240754
0.636196751219
0.634084040576
0.631963109835
0.629833958306
0.627696589326
0.625551002636
0.623397791985
0.621237098976
0.619068195005
0.616891084482
0.61470576827
0.612512251231
0.610310538453
0.608100631495
0.605883151287
0.603657484731
0.601423635979
0.59918160943
0.596931409729
0.594673676434
0.592407780268
0.590134312752
0.587853405147
0.585564352132
0.583267159874
0.580961832967
0.578648379939
0.576326807754
0.573997858628
0.571660805375
0.569315655774
0.566962417883
0.564601100038
0.562231710861
0.559854259258
0.557468754426
0.555075204057
0.552673619721
0.550264009709
0.547846386176
0.545420759795
0.54298785532
0.54054696348
0.538098102918
0.535641283774
0.533176520009
0.53070382415
0.528223207294
0.525734684343
0.523238268781
0.520733972689
0.518221811927
0.515701800959
0.513173954579
0.510638286211
0.508094813029
0.505543549141
0.502984514078
0.500417722639
0.497843191659
0.495260938317
0.492670980146
0.490073333367
0.487468017879
0.484855052276
0.482234455513
0.47960624854
0.476970449394
0.474327079743
0.471676156745
0.469018525844
0.46635338547
0.463680758735
0.461000665926
0.458313129301
0.4556181715
0.452915815542
0.450206084827
0.447489003138
0.444764594645
0.442032883902
0.439293895853
0.436547657369
0.433794192638
0.431033527779
0.428265689306
0.425490705633
0.422708602562
0.419919409288
0.417123152427
0.414319859008
0.411509560887
0.408692285908
0.405869066224
0.403039843176
0.40020373581
0.397360773602
0.394510989301
0.391654411803
0.388791074668
0.38592100905
0.383044249319
0.380160827473
0.377270780062
0.374374138555
0.371470940299
0.368561218977
0.365645010042
0.362722349366
0.359793273235
0.356857815724
0.35391601397
0.350967908121
0.348013536131
0.345052936372
0.342086148903
0.33911321166
0.336134164267
0.333150147736
0.33016010193
0.327164066479
0.324162082661
0.321154192167
0.3181404383
0.315120863571
0.312095510903
0.309064422466
0.306027642017
0.302985214867
0.299937185584
0.296883600268
0.293824503174
0.290759940091
0.28768995721
0.284614601127
0.281533918839
0.278447958806
0.275356767761
0.272260392851
0.269159951692
0.266055604455
0.262946221984
0.259831853996
0.256712550598
0.253588362281
0.25045933992
0.247325533808
0.244186995588
0.241043778217
0.237895933149
0.234743514061
0.231586573167
0.228425164857
0.225259342977
0.222089160863
0.21891467309
0.215735935431
0.212553003153
0.209365931044
0.206174775884
0.202979593972
0.199780441941
0.196577376758
0.193370454956
0.190159734924
0.186945274605
0.183727132266
0.180505366484
0.177280035444
0.174051199046
0.170818916791
0.167583247805
0.164344253505
0.161101992971
0.157856527513
0.154607918077
0.151357503766
0.148104067823
0.14484883703
0.141590709118
0.138329744078
0.135066004983
0.131799555661
0.128531632536
0.12526112555
0.121988098123
0.118712614386
0.115434738195
0.112154533623
0.108873365531
0.10559118085
0.102308045342
0.0990228401387
0.0957356306186
0.0924464815557
0.0891554586625
0.0858626270885
0.0825680521752
0.0792718001075
0.0759739365675
0.0726745289251
0.0693736425618
0.0660713441799
0.06276770006
0.0594627768837
0.0561566414517
0.052849360677
0.0495410015798
0.0462316310829
0.0429213165989
0.0396101252596
0.0362981244634
0.0329853818292
0.0296719648879
0.0263579412332
0.0230433785158
0.0197283444372
0.0164129066645
0.0130971330605
0.00978109138863
0.00646484954237
0.00314847538197
-0.000167963219805
-0.00348439838376
-0.00680076224465
-0.0101169869158
-0.0134319841122
-0.0167467065106
-0.0200610862671
-0.0233750556234
-0.0266885468591
-0.0300014921918
-0.0333138239828
-0.0366254749172
-0.0399363773569
-0.0432464637069
-0.0465556667674
-0.0498639192607
-0.0531711537985
-0.0564773034849
-0.0597823015507
-0.0630860806446
-0.0663885742299
-0.0696897159153
-0.0729894389045
-0.076287676797
-0.0795843636329
-0.0828794326704
-0.086172818254
-0.0894632628362
-0.0927518926516
-0.0960386422376
-0.0993222584314
-0.102603864168
-0.105883394543
-0.109160784844
-0.112434670481
-0.115706286972
-0.118975570674
-0.122242457714
-0.12550688443
-0.128768787384
-0.132028102851
-0.13528476888
-0.1385387222
-0.141788616094
-0.145034603489
-0.148276528229
-0.15151549253
-0.15475143498
-0.157984294429
-0.161214009376
-0.164440519836
-0.167663765481
-0.170883686923
-0.174100223746
-0.177313316483
-0.180522905268
-0.183728931219
-0.186931336471
-0.190130062035
-0.193325051434
-0.196516246292
-0.199703589295
-0.202887022675
-0.206066491332
-0.209241938144
-0.212412186438
-0.215578301531
-0.218740228123
-0.221897910412
-0.225051294634
-0.22820032566
-0.231344950451
-0.234485115454
-0.237620766574
-0.240751850966
-0.243878317077
-0.247000111869
-0.250117184545
-0.253229482787
-0.256336956566
-0.259438475094
-0.262533885148
-0.265624320794
-0.268709732608
-0.271790070527
-0.274864222211
-0.277933203413
-0.280996967317
-0.284055465396
-0.287108650566
-0.290156476142
-0.293198896926
-0.296235867036
-0.29926619858
-0.302289850815
-0.305307917946
-0.308320354586
-0.311327118042
-0.314326917366
-0.317320022049
-0.320307320537
-0.32328877419
-0.326264341223
-0.329233979048
-0.332197647909
-0.335155304784
-0.338106913221
-0.341052432238
-0.34399182376
-0.346925047603
-0.349852067806
-0.352772844998
-0.355686270692
-0.358593378825
-0.361494132546
-0.364387531531
-0.367273543959
-0.37015192895
-0.373022865209
-0.375887267895
-0.378745105375
-0.38159634371
-0.384440949369
-0.387278890613
-0.390110133332
-0.392934645208
-0.395752395737
-0.398562432426
-0.401364638482
-0.40415998923
-0.406948454381
-0.409730002597
-0.412504604376
-0.415271139011
-0.418030672784
-0.420783174446
-0.423528617573
-0.426266974649
-0.428998217051
-0.431722318035
-0.434439251243
-0.437148992228
-0.439851515408
-0.442546794049
-0.44523480487
-0.447915523432
-0.450588925673
-0.453254987909
-0.455913688398
-0.45856500263
-0.461208908039
-0.463845382425
-0.466474403959
-0.469095951172
-0.471709184438
-0.47431490188
-0.476912272335
-0.479502086912
-0.48208344438
-0.484656330224
-0.487221603024
-0.489778375568
-0.492327498603
-0.494868954242
-0.497402723273
-0.499928790161
-0.50244713636
-0.504957747022
-0.507460605948
-0.509955697276
-0.512443005468
-0.51492251532
-0.517394211947
-0.519858082504
-0.522314109315
-0.52476228018
-0.527202579763
-0.529634996503
-0.532059517419
-0.534476129839
-0.5368848214
-0.53928558179
-0.541678397499
-0.544063257067
-0.546440147563
-0.548809059887
-0.551169981689
-0.553522906238
-0.555867819972
-0.558204714963
-0.560533581779
-0.562854409474
-0.565167190971
-0.567471917673
-0.569767965193
-0.572055943599
-0.574335843294
-0.576607656759
-0.578871376738
-0.581126996237
-0.583373797252
-0.585612484848
-0.587843050959
-0.590065491451
-0.59227979875
-0.594485971071
-0.596684003179
-0.598873886365
-0.601055617727
-0.603229192743
-0.605394607121
-0.607551858673
-0.609700939824
-0.611841848842
-0.613974580468
-0.616099133423
-0.618215504764
-0.62032368988
-0.622423688149
-0.624515497272
-0.626599115162
-0.628674539934
-0.630741769911
-0.632800801711
-0.634851635965
-0.636894271594
-0.638928707714
-0.640954943632
-0.642972978848
-0.64498281305
-0.646984446109
-0.648977878084
-0.650963109211
-0.652940139905
-0.654908970759
-0.656869149475
-0.658821128281
-0.660764910222
-0.662700494632
-0.664627884894
-0.666547084555
-0.668457581943
-0.670359890647
-0.672254012746
-0.67413995047
-0.676017706204
-0.677887280524
-0.679748678069
-0.681601901664
-0.683446954279
-0.685283840985
-0.687112563068
-0.688933123914
-0.690745527042
-0.692549776106
-0.69434587489
-0.696133827306
-0.697913637391
-0.699685309309
-0.701448847345
-0.703204255904
-0.704951539511
