1644
292
398
338
569
537
692
1036
751
593
249
513
752
1749
1695
102
511
764
431
488
3968
467
328
3366
383
67
591
700
972
508
605
364
1271
709
187
284
1335
323
534
1433
252
3773
187
280
665
37
782
491
297
38
764
113
395
536
137
583
2181
886
327
318
281
1372
1602
1874
479
38
468
400
635
763
188
412
198
784
528
57
417
990
2350
1201
1321
429
1847
136
545
161
1802
398
504
1859
149
3190
321
854
1509
16
1122
831
515
84
850
253
417
989
300
315
1843
1449
222
356
260
1867
1301
1199
632
487
174
1010
262
476
926
282
245
382
1018
126
2750
1076
606
1858
1534
844
2622
464
793
300
935
393
283
1507
416
715
158
427
1175
134
581
611
1083
136
3422
104
1157
250
242
458
152
510
154
343
152
372
439
1011
1154
51
395
1540
652
1674
278
355
53
744
1203
94
2233
1321
1910
723
142
720
359
628
112
1232
2545
159
498
1171
998
1247
443
1309
1163
157
700
443
493
36
503
196
229
412
357
542
3312
400
168
175
93
1239
2059
665
545
114
303
332
379
874
2982
398
213
515
341
70
288
943
379
890
792
320
1123
865
501
384
1679
214
384
1042
425
1904
2988
597
951
24
2083
336
403
82
