5768
6328
3362
5733
2932
6319
6323
2734
4322
6327
3224
3449
3396
5747
4306
3238
2939
3235
3231
5790
5418
5501
2718
5453
2762
5472
5507
2726
5393
3775
6441
5482
5427
2704
5427
4005
5414
6426
5492
5461
3197
5295
6409
6371
3215
6132
3554
3195
3203
5804
2767
6218
6178
6423
6236
3651
6360
2844
6095
6384
6965
10101
9054
8675
7028
10269
7491
6519
6587
10151
5425
8059
9225
8593
8217
7519
8565
5405
10159
8627
7960
4153
3590
7949
7991
8009
7989
5444
6657
4191
7250
3545
3641
4097
6732
8012
8032
7271
8055
4270
