13961
12580
17393
9328
14157
9403
12015
15954
13996
14305
10915
9497
15940
15845
10304
11529
9291
9064
7441
16221
3496
3326
5936
5407
6032
5457
2905
5676
3517
5551
2588
5606
4100
5953
5470
5519
5172
2738
6052
2277
4750
5094
4642
2615
4902
2616
4402
4883
4613
3886
2697
2831
4836
4911
2683
5154
2677
2767
2571
5026
4086
4990
4602
1723
2618
2682
4596
3704
3839
5205
3965
3119
2625
4818
3530
2698
2732
4001
4187
3905
7805
7809
7775
7419
7578
5863
6802
8541
8291
5081
5935
11653
10889
6149
9061
8019
10008
10358
7923
9261
