437
2560
2250
456
710
2076
2282
4375
553
3444
789
2920
4490
3100
1464
260
3066
2748
2520
767
5714
3910
279
458
2618
2680
359
4217
516
2267
3352
2178
2238
1420
3379
2400
534
567
3120
1690
410
391
3970
549
1940
570
4705
4619
1179
1730
348
1000
1809
349
577
2850
1374
1970
379
2190
464
2930
1699
2639
390
270
1810
2740
4370
409
6141
2260
1055
355
4299
4184
381
2230
391
2074
2240
2087
2200
5620
2034
2510
479
458
1470
2714
371
402
6030
424
1950
200
2577
3190
1959
1550
492
2658
1760
427
580
1878
4216
1580
489
3612
640
3115
2911
2580
428
370
3382
1859
4709
521
14420
1440
262
368
2676
3551
450
4077
421
2214
2452
1987
2300
4270
2844
2300
474
1665
3733
1919
548
348
4820
481
1540
450
2458
1882
1766
4240
463
1180
2831
797
520
3082
867
2040
333
790
334
2629
2309
2340
415
371
2315
1259
1627
469
1273
2205
1565
1496
2204
4491
453
2406
424
2890
2420
2320
2960
1790
2857
3150
361
457
387
2978
526
389
5040
690
1955
1783
2161
1620
1940
750
394
3118
3604
649
650
1886
2940
3039
530
3910
883
3377
4220
2542
464
320
2310
1891
3350
554
3348
2197
270
406
2520
1260
525
3060
486
2406
1997
2421
2673
2198
1931
3755
395
577
2085
2769
571
518
600
406
2183
150
2373
1849
1830
2560
