6438
5443
7849
7888
5482
8385
5528
8712
7869
7769
5428
5478
7899
6396
7570
5455
5451
7477
5393
8449
5447
8768
5478
8423
6321
5410
3592
8450
3219
3811
7882
6280
7420
5446
5475
5480
6286
8729
8500
9074
5537
3226
5432
8632
8530
5429
8749
8791
7464
5397
6768
5348
3624
3592
4315
6469
3689
5528
7072
7052
5381
3624
7057
8202
8276
5457
4352
8451
5377
4531
5408
2953
2692
2712
8215
2748
6657
7685
5694
8200
7060
6735
8283
5354
2733
2669
8270
5552
8268
8405
2724
5795
5450
2929
8357
2730
5564
5591
6999
5455
7865
2707
8995
5430
5390
8986
5415
9082
5375
5276
5356
2749
5527
5228
7760
5433
2729
4299
2702
8976
2732
8915
5422
8952
3919
5421
6441
5846
6382
5952
8920
3990
4366
5379
5393
5371
6420
8945
5793
7806
5418
6363
5419
8940
8902
5438
5820
5711
7745
2734
6481
5994
4751
3040
6030
3327
6026
7203
5988
5993
5989
3026
3675
6281
6438
5941
6033
3262
5945
6385
2995
3615
3049
5038
3154
4377
6391
3352
2903
6258
3604
3244
6423
6032
6037
2989
6281
7245
6340
6484
3020
2888
4583
7190
3474
3011
3586
7186
3280
5944
5620
5274
5742
5749
5338
5773
5826
7575
5869
5727
5271
5817
5725
4394
5636
5295
5831
4666
5274
5838
5305
4406
5271
5741
3583
5296
5347
5253
4234
5341
5760
5335
4890
5280
5840
5296
5336
5389
5627
5621
5342
6882
5287
5371
5827
5304
5374
5385
5623
5303
