3015
3112
1911
2825
2784
2876
2432
3375
3194
1959
1803
2063
2935
2085
3119
3162
2017
1772
1839
2653
5016
6717
5500
5489
4362
4793
3977
5597
5586
4260
3567
4804
6226
4564
5900
4212
5514
3329
4531
5658
1894
3201
3396
1874
3130
1808
1607
2652
1940
3059
1909
2200
3323
3242
2033
3071
3115
1769
3160
3117
2838
3406
3447
3039
2002
2802
2143
2004
3024
2783
3438
2240
3392
2645
3319
1922
1941
3127
1877
3017
3415
3610
2256
3431
3856
3000
3000
3061
3428
3886
1927
3100
2707
3924
3120
4076
2967
1913
3704
3098
