3590
3828
4283
3679
2353
4461
4000
3443
4277
2830
3052
3530
2785
4040
4061
3465
3369
2920
3180
4176
2310
4463
2450
3843
2894
3594
4204
2671
3972
2736
3263
4507
2707
4231
1744
3334
4207
4187
2558
3149
2924
4338
3912
3835
3289
2334
2839
2929
4557
4058
4316
3477
3440
2762
3800
3630
4252
3536
3684
3642
3279
4211
3651
2856
3104
3505
4261
3076
3800
2755
3284
3571
2212
3581
2604
3496
3463
3961
2399
2548
4358
2874
3620
3979
2666
2338
3833
4510
3768
3617
2751
2569
3344
2727
2853
1531
3938
2877
3058
3027
2433
2873
3357
1930
4471
2320
2759
3582
2790
1998
3338
3067
3383
2857
2966
1920
2041
2491
2449
3000
3221
2209
3111
2723
3052
2627
3218
3439
1972
2458
2565
2551
2858
2162
3357
3234
2414
2909
2947
3012
2900
2177
2906
1429
3164
2437
2694
2163
2246
3626
2687
2015
1937
2500
2628
1905
2121
2223
1928
3213
1898
2548
3068
3283
2063
3400
1597
3132
2312
1933
3283
1866
2690
2659
2677
3930
3826
3410
1898
1943
1989
2209
2663
2975
2170
3243
2898
1942
3170
2538
1844
1806
2464
2535
2226
2652
3062
3116
2512
2261
4566
1912
4490
2923
1465
4778
3536
4805
3902
4489
1878
2226
4215
4026
5400
2179
3410
4396
3011
5511
4501
5096
2800
5430
5162
2602
5827
4500
6084
3937
5890
5493
4245
1984
2386
3177
5300
5500
4897
5521
3094
6100
2261
2803
4803
2900
3655
3877
5638
3495
