14696
7377
11144
10973
9319
14509
10606
14538
11462
10666
7289
10800
11999
10234
10077
6081
9694
16174
8250
13018
6662
13378
7078
14096
16247
6649
16238
11611
9306
17221
12693
15936
9514
8463
9628
8075
10071
12186
14652
17021
9187
9828
6726
11904
15466
5735
13002
12933
14891
6293
15485
5932
11544
9027
7696
13723
9767
9986
9484
10663
3624
8571
11437
14800
12662
4449
7960
14892
5937
15080
5547
8607
5345
14489
14835
5203
14139
14553
6885
13365
12469
12090
14053
5990
8652
4199
10207
9840
14586
13044
7212
5618
5348
10080
13180
4938
10705
10164
11222
5432
15384
7808
14259
11705
9591
14711
12532
15893
12274
13480
7816
11540
13750
15756
17519
5850
10508
14967
8661
15498
6515
14856
6935
15153
14545
6234
14895
15867
14118
14983
14280
15982
16182
9132
10212
8251
17378
14778
13550
15435
9657
14394
7593
14723
15539
5620
16013
14739
15542
6212
13320
5345
10631
7553
7152
14066
10802
15071
6887
1945
4727
10739
9496
15470
11589
3337
7126
9912
7749
12489
6053
14293
6216
14570
10606
6069
14192
15232
12375
10628
10377
14656
14036
8085
9974
7085
13320
10832
10308
9516
8351
11791
6578
12572
8632
5402
13324
6670
13371
3454
15066
6704
11648
10052
8832
11041
10709
14592
10789
10801
6815
9809
11553
9804
16273
5576
9326
15595
7483
15225
6140
12518
6304
13486
16091
5842
16860
10327
9481
17282
12843
9709
9759
7713
9815
7536
17233
12851
14855
17309
8521
8890
6706
11854
16092
5746
12424
12371
9709
5768
