1
1.00000867701
1.00002603105
1.00005206218
1.00008677048
1.00013015605
1.00018221902
1.00024295955
1.0003123778
1.00039047399
1.00047724832
1.00057270107
1.00067683249
1.00078964288
1.00091113257
1.00104130191
1.00118015126
1.00132768102
1.00148389161
1.00164878347
1.00180791903
1.00196130304
1.00210894012
1.00225083468
1.00238699097
1.00251741309
1.00264210493
1.00276107023
1.00287431256
1.00298183531
1.00308360885
1.00317963626
1.0032699204
1.00335446399
1.00343326957
1.0035063395
1.00357367599
1.00363528104
1.00369115652
1.0037413041
1.00378582244
1.00382471286
1.00385797653
1.00388561444
1.00390762742
1.00392401612
1.00393478104
1.0039399225
1.00393944066
1.0039333355
1.00392171084
1.00390456632
1.00388190144
1.00385371553
1.00382000777
1.00378077715
1.00373602251
1.00368574254
1.00362993575
1.00356860048
1.00350184482
1.00342966681
1.00335206433
1.0032690351
1.00318057668
1.00308668647
1.00298736171
1.00288259948
1.00277239671
1.00265675014
1.00253577244
1.00240946005
1.00227780931
1.00214081635
1.0019984772
1.00185078769
1.00169774351
1.00153934018
1.0013755731
1.00120643747
1.00103205064
1.00085240756
1.00066750301
1.00047733165
1.00028188795
1.00008116626
0.999875160762
0.999663865474
0.999447274276
0.999225380888
0.998998307681
0.998766048125
0.998528595541
0.998285943098
0.998038083816
0.997785010565
0.997526716062
0.997263192876
0.996994433424
0.996720429969
0.996441310182
0.996157066099
0.995867689607
0.995573172448
0.995273506215
0.994968682353
0.99465869216
0.994343526784
0.994023177225
0.993697634333
0.993367031345
0.993031358902
0.992690607504
0.992344767503
0.991993829107
0.991637782378
0.991276617231
0.990910323437
0.990538890618
0.990162308251
0.989780715441
0.989394101479
0.989002455513
0.988605766547
0.988204023444
0.987797214921
0.987385329553
0.986968355768
0.986546281852
0.986119095944
0.985686943329
0.985249811983
0.984807689744
0.984360564306
0.983908423224
0.98345125391
0.982989043635
0.982521779527
0.98204944857
0.981572037606
0.981089698413
0.980602417695
0.980110182014
0.979612977796
0.979110791325
0.978603608747
0.978091416066
0.977574199145
0.977051943706
0.976524635331
0.975992432627
0.97545532106
0.974913285961
0.974366312519
0.973814385789
0.973257490685
0.972695611985
0.972128734323
0.971556842197
0.970979919964
0.970398133416
0.969811466823
0.969219904316
0.96862342989
0.968022027407
0.967415680587
0.966804373018
0.966188088144
0.965566809275
0.964940519581
0.964309392365
0.963673410736
0.963032557666
0.962386815994
0.961736168424
0.961080597523
0.960420085724
0.959754615321
0.959084168472
0.958408727197
0.957728472703
0.957043386978
0.956353451873
0.955658649108
0.954958960269
0.954254366807
0.953544850038
0.952830391145
0.952110971171
0.951386571026
0.950657380136
0.949923379405
0.949184549604
0.948440871372
0.947692325216
0.94693889151
0.946180550494
0.945417282274
0.944649066822
0.943875883972
0.943097931782
0.94231519011
0.941527638687
0.940735257111
0.93993802485
0.939135921242
0.938328925488
0.937517016661
0.936700173697
0.935878375399
0.935051828821
0.93422051282
0.933384406126
0.932543487338
0.931697734927
0.930847127233
0.929991642462
0.929131258693
0.928265953869
0.9273957058
0.926520730901
0.925641007069
0.924756512075
0.923867223562
0.922973119044
0.922074175907
0.921170371407
0.920261682667
0.919348086683
0.918429560314
0.917506329699
0.916578371818
0.915645663528
0.914708181559
0.913765902514
0.912818802867
0.911866858967
0.910910047029
0.909948343142
0.908981723261
0.908010423622
0.907034420336
0.906053689391
0.905068206648
0.904077947845
0.903082888592
0.902083004374
0.901078270545
0.900068662333
0.899054154837
0.898034994758
0.897011157384
0.895982617881
0.894949351291
0.893911332534
0.892868536404
0.891820937568
0.890768510569
0.889711229822
0.888649069616
0.887582287457
0.886510857861
0.885434755221
0.88435395381
0.883268427777
0.88217815115
0.881083097831
0.8799832416
0.87887855611
0.877769014887
0.876654886563
0.875536144928
0.874412763656
0.8732847163
0.872151976292
0.871014516946
0.86987231145
0.868725332873
0.867573554158
0.866416948125
0.865255794861
0.864090067489
0.862919739015
0.861744782328
0.860565170196
0.859380875272
0.858191870086
0.856998127049
0.855799618451
0.854596316458
0.853388512897
0.852176180277
0.850959290993
0.849737817323
0.848511731433
0.847281005367
0.846045611054
0.844805520306
0.843560704815
0.842311136151
0.841057118154
0.839798622776
0.83853562186
0.837268087135
0.835995990214
0.834719302599
0.833437995676
0.832152040714
0.830861408867
0.82956607117
0.8282663437
0.826962197914
0.825653605162
0.824340536681
0.823022963599
0.821700856931
0.820374187582
0.819042926341
0.817707043884
0.816366510775
0.815021655507
0.813672449105
0.812318862487
0.810960866463
0.809598431736
0.808231528899
0.806860128437
0.805484200724
0.804103716024
0.802718644488
0.801329327182
0.799935734763
0.79853783778
0.797135606681
0.795729011807
0.794318023397
0.792902611579
0.791482746377
0.790058397708
0.788629535378
0.78719651314
0.785759301344
0.78431787024
0.782872189979
0.781422230608
0.779967962073
0.778509354217
0.777046376781
0.775578999399
0.774107191602
0.772631319853
0.771151354263
0.76966726485
0.768179021534
0.766686594136
0.765189952379
0.763689065888
0.762183904187
0.760674436699
0.759160632748
0.757642871523
0.75612112297
0.754595356939
0.753065543189
0.751531651383
0.74999365109
0.748451511786
0.746905202849
0.74535469356
0.743799953105
0.742241373288
0.740678923951
0.739112574851
0.737542295652
0.73596805593
0.734389825172
0.732807572769
0.731221268026
0.729630880153
0.728036378266
0.726438166613
0.724836215003
0.723230493166
0.721620970743
0.720007617292
0.718390402281
0.716769295096
0.715144265034
0.713515281302
0.711882313021
0.710245776734
0.708605642288
0.706961879453
0.705314457917
0.703663347286
0.702008517086
0.70034993676
0.698687575667
0.697021403086
0.69535138821
0.693677959472
0.692001086825
0.690320740146
0.688636889238
0.686949503824
0.685258553553
0.683564007996
0.681865836645
0.680164008914
0.678458494138
0.676749732281
0.675037693465
0.673322347743
0.671603665097
0.669881615435
0.668156168596
0.666427294342
0.664694962366
0.662959142285
0.661219803644
0.659477397497
0.657731894202
0.655983264049
0.654231477265
0.652476504006
0.650718314363
0.648956878359
0.647192165948
0.645424147017
0.643652791381
0.641878560517
0.640101425078
0.638321355653
0.636538322773
0.634752296904
0.632963248451
0.631171147755
0.629375965096
0.627577670687
0.625776234682
0.623972128395
0.622165322833
0.620355788942
0.618543497613
0.616728419679
0.614910525918
0.613089787046
0.611266173724
0.609439656552
0.607610206074
0.605778302624
0.60394391761
0.602107022391
0.60026758827
0.598425586501
0.596580988283
0.594733764764
0.592883887036
0.59103132614
0.589176053062
0.587318556344
0.585458807847
0.583596779386
0.581732442728
0.579865769591
0.577996731648
0.57612530052
0.574251447783
0.572375144962
0.570496363534
0.568615599267
0.566732824516
0.564848011596
0.562961132777
0.561072160286
0.559181066308
0.557287822983
0.555392402408
0.553494776635
0.551594917673
0.549693327522
0.547789979068
0.545884845159
0.543977898606
0.542069112181
0.540158458615
0.538245910601
0.536331440795
0.534415021809
0.53249662622
0.530576761108
0.52865539992
0.52673251607
0.524808082936
0.522882073862
0.520954462157
0.519025221095
0.517094323916
0.515161743823
0.513227453985
0.51129196542
0.509355252158
0.507417288197
0.505478047507
0.503537504027
0.501595631663
0.499652404293
0.497707795761
0.495761779883
0.493814330441
0.491865961134
0.48991664659
0.487966361409
0.486015080167
0.484062777411
0.482109427661
0.48015500541
0.478199485124
0.476242841241
0.474285048172
0.472326620978
0.470367534894
0.46840776513
0.466447286875
0.464486075291
0.462524105521
0.46056135268
0.45859779186
0.456633398131
0.454668146536
0.452702552175
0.450736590889
0.4487702385
0.44680347081
0.444836263602
0.442868592634
0.440900433648
0.438931762362
0.436962554475
0.434992785665
0.43302296968
0.431053082967
0.429083101953
0.427113003049
0.425142762647
0.423172357123
0.421201762832
0.419230956114
0.41725991329
0.415288610662
0.413317559266
0.411346736139
0.409376118302
0.407405682764
0.405435406516
0.403465266534
0.401495239779
0.399525303197
0.397555433719
0.39558560826
0.393616333705
0.391647587667
0.389679347746
0.387711591528
0.385744296586
0.383777440481
0.381811000761
0.37984495496
0.377879280598
0.375913955185
0.3739494801
0.371985833509
0.370022993568
0.36806093842
0.366099646198
0.364139095025
0.362179263011
0.360220128258
0.358261668855
0.356303862878
0.354347204836
0.352391673421
0.35043724732
0.348483905207
0.346531625751
0.344580387608
0.342630169428
0.340680949852
0.338732707508
0.33678542102
0.334839576707
0.332895153764
0.330952131379
0.32901048873
0.32707020499
0.325131259325
0.323193630892
0.321257298842
0.319322242317
0.317388440454
0.315456370117
0.31352601097
0.311597342672
0.309670344877
0.307744997232
0.30582127938
0.303899170956
0.301978651591
0.300059700911
0.298142298534
0.296226910657
0.294313517383
0.292402098812
0.29049263504
0.28858510616
0.286679492259
0.284775773422
0.282873929728
0.280973941254
0.279075788071
0.277179924558
0.275286331227
0.27339498859
0.271505877154
0.269618977425
0.267734269908
0.265851735103
0.263971353509
0.262093105623
0.26021697194
0.258343394026
0.256472352773
0.254603829074
0.252737803821
0.250874257904
0.249013172214
0.247154527639
0.245298305069
0.243444485393
0.241593049498
0.239744425146
0.237898593583
0.236055536054
0.234215233809
0.232377668095
0.230542820163
0.228710671263
0.226881202648
0.225054395572
0.223230231288
0.221409122899
0.219591051979
0.217776000104
0.215963948854
0.214154879812
0.212348774563
0.210545614696
0.208745381803
0.20694805748
0.205153623324
0.203362477031
0.201574600482
0.199789975564
0.198008584167
0.196230408188
0.194455429528
0.192683630093
0.190914991794
0.189149496549
0.18738712628
0.185628262637
0.183872887792
0.182120983924
0.18037253322
0.178627517872
0.17688592008
0.175147722053
0.173412906004
0.171681454158
0.169953348743
0.168228954801
0.166508254781
0.164791231142
0.163077866353
0.16136814289
0.159662043243
0.157959549906
0.156260645389
0.154565312207
0.152873532887
0.151185655431
0.14950166256
0.147821537002
0.146145261502
0.144472818814
0.142804191705
0.141139362954
0.139478315352
0.137821031703
0.136167494825
0.13451803534
0.132872636234
0.131231280506
0.129593951169
0.127960631252
0.126331303799
0.124705951866
0.123084558528
0.121467106872
0.119853580001
0.118244290925
0.116639222894
0.115038359178
0.11344168306
0.111849177845
0.110260826852
0.10867661342
0.107096520904
0.105520532679
0.103948632134
0.102381114511
0.100817963331
0.0992591621364
0.0977046944886
0.0961545439702
0.0946086941837
0.0930671287524
0.09152983132
0.089996785551
0.088467975131
0.0869436774729
0.0854238763783
0.0839085556712
0.0823976991989
0.0808912908315
0.0793893144627
0.0778917540094
0.0763985934121
0.074909816635
0.0734254076663
0.071945626123
0.0704704560976
0.0689998817082
0.0675338870988
0.0660724564394
0.0646155739265
0.0631632237827
0.0617153902572
0.0602720576257
0.0588332101909
0.0573990898553
0.0559696810167
0.0545449681017
0.0531249355658
0.0517095678936
0.0502988495985
0.0488927652237
0.0474912993414
0.0460944365536
0.0447021614918
0.0433146985219
0.0419320323642
0.0405541477705
0.0391810295247
0.0378126624423
0.0364490313712
0.0350901211911
0.0337359168143
0.0323864031855
0.0310415652818
0.0297016101461
0.0283665228396
0.0270362884583
0.0257108921328
0.0243903190283
0.0230745543449
0.0217635833179
0.0204573912175
0.0191559633493
0.0178592850542
0.0165675463312
0.0152807326028
0.0139988293287
0.0127218220059
0.0114496961689
0.0101824373898
0.00892003127849
0.00766246348259
0.00640971968774
0.00516178561758
0.00391883455204
0.00268085229518
0.00144782469093
0.000219737623194
-0.00100342298404
-0.00222167116659
-0.00343502091996
-0.00464348619929
-0.0058470809192
-0.0070458189537
-0.00823954338387
-0.00942826800314
-0.0106120065626
-0.011790772771
-0.0129645802944
-0.0141334427564
-0.0152973737377
-0.0164563867764
-0.0176104953676
-0.0187597129634
-0.0199038986095
-0.0210430656762
-0.0221772274893
-0.0233063973297
-0.0244305884336
-0.0255498139923
-0.0266640871523
-0.0277734210148
-0.0288778286362
-0.0299773230274
-0.0310717787779
-0.0321612088146
-0.0332456260183
-0.0343250432226
-0.0353994732144
-0.0364689287337
-0.0375334224734
-0.0385929670794
-0.0396475751505
-0.0406972592384
-0.0417419090343
-0.0427815370033
-0.0438161555619
-0.0448457770782
-0.0458704138714
-0.0468900782119
-0.0479047823214
-0.0489145383726
-0.0499193584895
-0.0509192547469
-0.0519141314729
-0.052904000653
-0.0538888742224
-0.054868764066
-0.0558436820184
-0.0568136398639
-0.0577786493363
-0.0587387221189
-0.0596938698445
-0.0606441040956
-0.0615893433665
-0.0625295991471
-0.0634648828752
-0.0643952059373
-0.0653205796679
-0.0662410153499
-0.0671565242143
-0.0680671174403
-0.0689728061554
-0.0698736014349
-0.0707694354601
-0.0716603192107
-0.0725462636134
-0.0734272795422
-0.0743033778179
-0.0751745692088
-0.0760408644299
-0.0769022741435
-0.0777588089587
-0.0786104794318
-0.0794572309397
-0.0802990739399
-0.0811360188355
-0.0819680759763
-0.0827952556579
-0.0836175681223
-0.0844350235575
-0.0852476320976
-0.0860554038231
-0.0868583487603
-0.0876564249946
-0.0884496424505
-0.0892380109979
-0.0900215404523
-0.0908002405745
-0.0915741210708
-0.0923431915931
-0.0931074617384
-0.0938669410496
-0.0946216390146
-0.0953715259351
-0.0961166111946
-0.0968569041216
-0.0975924139895
-0.0983231500168
-0.0990491213669
-0.0997703371482
-0.100486806414
-0.101198538163
-0.101905541338
-0.10260779797
-0.103305316894
-0.103998106893
-0.104686176691
-0.10536953496
-0.106048190315
-0.106722151316
-0.107391426468
-0.108056024219
-0.108715952965
-0.109371205982
-0.110021791554
-0.110667717913
-0.111308993233
-0.111945625634
-0.112577623178
-0.113204993876
-0.113827745681
-0.11444588649
-0.115059424146
-0.115668362691
-0.116272709858
-0.116872473324
-0.11746766071
-0.118058279585
-0.118644337459
-0.11922584179
-0.119802799977
-0.120375219368
-0.120943107254
-0.121506477963
-0.122065338677
-0.122619696519
-0.123169558561
-0.123714931817
-0.124255823247
-0.124792239756
-0.125324188196
-0.125851675361
-0.126374707992
-0.126893310249
-0.127407488762
-0.127917250104
-0.128422600797
-0.128923547306
-0.129420096043
-0.129912253365
-0.130400025574
-0.130883418919
-0.131362439593
-0.13183712112
-0.132307469583
-0.132773491009
-0.133235191374
-0.133692576599
-0.134145652551
-0.134594425044
-0.135038899838
-0.135479082638
-0.135914979097
-0.136346631651
-0.136774045843
-0.137197227159
-0.137616181037
-0.138030912857
-0.13844142795
-0.138847731593
-0.139249829007
-0.139647725365
-0.140041425783
-0.140430981174
-0.140816396546
-0.141197676855
-0.141574827003
-0.141947851843
-0.142316756174
-0.142681544743
-0.143042222245
-0.143398793323
-0.143751262569
-0.144099688927
-0.144444076881
-0.144784430862
-0.145120755252
-0.145453054379
-0.145781332522
-0.146105593909
-0.146425842716
-0.146742083067
-0.147054319038
-0.147362617188
-0.147666981485
-0.147967415849
-0.148263924146
-0.148556510195
-0.148845177763
-0.14912993057
-0.149410772283
-0.14968770652
-0.14996073685
-0.150229937019
-0.15049531049
-0.150756860679
-0.151014590954
-0.151268504633
-0.151518604985
-0.151764895231
-0.152007378543
-0.152246058044
-0.152480936809
-0.152712095382
-0.152939536735
-0.153163263795
-0.15338327944
-0.153599586502
-0.153812187764
-0.154021085962
-0.154226283785
-0.154427783874
-0.154625588824
-0.154819785541
-0.155010376522
-0.155197364216
-0.155380751026
-0.155560539311
-0.155736731381
-0.155909329503
-0.156078335896
-0.156243752732
-0.156405582139
-0.156563917031
-0.156718759439
-0.156870111352
-0.157017974712
-0.157162351417
-0.157303243323
-0.157440652238
-0.157574579926
-0.157705028107
-0.157831998457
-0.157955589483
-0.15807580277
-0.158192639857
-0.158306102243
-0.158416191382
-0.158522908686
-0.158626255521
-0.158726233215
-0.158822843048
-0.158916086259
-0.159006066579
-0.159092785158
-0.159176243107
-0.159256441493
-0.159333381342
-0.159407063639
-0.159477489326
-0.159544659306
-0.159608574437
-0.159669235538
-0.159726751194
-0.159781122142
-0.159832349074
-0.159880432645
-0.15992537347
-0.159967172121
-0.160005829133
-0.160041344999
-0.160073720173
-0.160102955069
-0.160129162766
-0.160152343598
-0.16017249786
-0.160189625809
-0.160203727664
-0.160214803604
-0.160222853771
-0.160227878267
-0.160229877157
-0.160228850467
-0.160224915401
-0.16021807191
-0.160208319907
-0.160195659269
-0.160180089835
-0.160161611407
-0.160140223752
-0.160115926597
-0.160088719635
-0.160058602521
-0.160025696248
-0.1599900004
-0.159951514525
-0.159910238136
-0.159866170712
-0.159819311693
-0.159769660486
-0.159717216465
-0.159661978963
-0.159603947283
-0.159543245857
-0.159479873918
-0.159413830667
-0.159345115269
-0.159273726858
-0.159199664533
-0.159122927358
-0.159043514365
-0.158961424553
-0.158876656884
-0.158789338903
-0.158699469512
-0.158607047579
-0.158512071942
-0.158414541405
-0.158314454741
-0.15821181069
-0.158106607962
-0.157998845232
-0.157888521143
-0.157775766013
-0.157660578426
-0.157542956937
-0.15742290007
-0.157300406321
-0.157175474151
-0.157048101994
-0.156918288253
-0.156786031299
-0.156651329474
-0.15651431554
-0.156374987784
-0.156233344465
-0.156089383811
-0.155943104022
-0.155794503269
-0.155643579695
-0.155490331413
-0.155334756506
-0.155176853031
-0.155016755899
-0.154854463117
-0.154689972662
-0.154523282484
-0.154354390505
-0.154183294621
-0.154009992701
-0.153834482585
-0.153656762085
-0.153476828989
-0.153294820024
-0.153110732929
-0.152924565419
-0.152736315182
-0.152545979878
-0.152353557146
-0.152159044595
-0.151962439809
-0.151763740348
-0.151562943745
-0.151360188267
-0.151155471405
-0.150948790626
-0.15074014337
-0.150529527057
-0.150316939079
-0.150102376805
-0.14988583758
-0.149667318724
-0.149446817534
-0.149224473503
-0.14900028389
-0.148774245929
-0.148546356832
-0.148316613787
-0.148085013962
-0.147851554499
-0.14761623252
-0.147379045123
-0.147139989382
-0.146899205733
-0.146656691215
-0.146412442849
-0.14616645763
-0.145918732536
-0.145669264521
-0.145418050519
-0.145165087443
-0.144910372182
-0.144653901607
-0.14439581683
-0.144136114688
-0.143874792001
-0.143611845566
-0.143347272161
-0.143081068547
-0.142813231461
-0.142543757623
-0.142272643731
-0.141999886465
-0.14172562732
-0.141449862948
-0.14117258998
-0.140893805031
-0.140613504697
-0.140331685556
-0.140048344165
-0.139763477067
-0.139477080782
-0.139189151814
-0.138899831788
-0.138609117181
-0.138317004455
-0.138023490055
-0.137728570408
-0.137432241925
-0.137134500999
-0.136835344007
-0.136534767309
-0.136232767245
-0.135929485318
-0.135624917846
-0.135319061134
-0.135011911472
-0.134703465133
-0.134393718375
-0.134082667439
-0.133770308553
-0.133456637926
-0.133141651755
-0.132825491152
-0.132508152293
-0.132189631341
-0.131869924443
-0.131549027731
-0.131226937323
-0.130903649326
-0.130579159827
-0.130253464903
-0.129926560615
-0.129598587464
-0.129269541494
-0.128939418739
-0.128608215216
-0.12827592693
-0.127942549876
-0.127608080032
-0.127272513365
-0.126935845829
-0.126598073363
-0.12625933562
-0.125919628526
-0.125578947996
-0.125237289934
-0.12489465023
-0.124551024764
-0.124206409404
-0.123860800006
-0.123514192414
-0.123166582459
-0.122818108723
-0.122468767025
-0.122118553177
-0.121767462977
-0.121415492215
-0.12106263667
-0.120708892111
-0.120354254295
-0.119998718968
-0.119642281867
-0.119285080287
-0.118927109954
-0.118568366587
-0.118208845894
-0.117848543574
-0.117487455317
-0.117125576805
-0.116762903708
-0.116399431688
-0.116035156397
-0.115670213638
-0.115304599054
-0.114938308284
-0.114571336956
-0.114203680691
-0.113835335103
-0.113466295796
-0.113096558365
-0.112726118398
-0.112354971476
-0.111983251717
-0.111610954694
-0.111238075975
-0.110864611122
-0.110490555688
-0.110115905218
-0.109740655254
-0.109364801327
-0.108988338961
-0.108611263676
-0.108233707718
-0.107855666602
-0.107477135837
-0.107098110925
-0.106718587365
-0.106338560647
-0.105958026256
-0.105576979671
-0.105195416365
-0.104813331805
-0.104430856191
-0.104047984988
-0.103664713657
-0.103281037653
-0.102896952428
-0.102512453427
-0.102127536092
-0.101742195858
-0.101356428157
-0.100970228414
-0.100583724612
-0.100196912179
-0.099809786536
-0.099422343102
-0.0990345772916
-0.0986464845156
-0.0982580601807
-0.0978692996897
-0.0974801984413
-0.09709075183
-0.0967010854761
-0.096311194776
-0.0959210751235
-0.0955307219095
-0.095140130522
-0.094749296346
-0.0943582147637
-0.093966881154
-0.0935752908928
-0.0931834393531
-0.0927914496324
-0.092399317107
-0.0920070371512
-0.0916146051376
-0.0912220164365
-0.0908292664167
-0.0904363504446
-0.0900432638845
-0.0896500020988
-0.0892565604475
-0.0888630593814
-0.0884694942654
-0.0880758604634
-0.0876821533383
-0.0872883682521
-0.0868945005654
-0.0865005456381
-0.0861064988286
-0.0857123554942
-0.0853181109908
-0.0849238829875
-0.0845296668463
-0.0841354579292
-0.083741251598
-0.0833470432146
-0.0829528281405
-0.0825586017368
-0.0821643593647
-0.0817700963847
-0.081375808157
-0.0809816094544
-0.0805874956442
-0.0801934620948
-0.0797995041752
-0.0794056172551
-0.0790117967049
-0.0786180378954
-0.0782243361982
-0.0778306869851
-0.0774370856285
-0.0770436438973
-0.0766503571721
-0.0762572208355
-0.0758642302713
-0.075471380865
-0.0750786680035
-0.0746860870751
-0.0742936334694
-0.0739013025774
-0.0735090897912
-0.0731171037833
-0.0727253399553
-0.0723337937114
-0.0719424604579
-0.0715513356033
-0.0711604145587
-0.070769692737
-0.0703791655534
-0.0699888284252
-0.0695986767715
-0.0692088160753
-0.0688192417665
-0.0684299492778
-0.0680409340454
-0.067652191508
-0.0672637171077
-0.0668755062892
-0.0664875545004
-0.0660998571916
-0.0657124098162
-0.0653253145916
-0.0649385669824
-0.0645521624575
-0.0641660964889
-0.063780364553
-0.0633949621293
-0.0630098847014
-0.062625127756
-0.0622406867838
-0.0618565572786
-0.0614728381235
-0.0610895248249
-0.0607066128936
-0.0603240978448
-0.0599419751984
-0.0595602404783
-0.0591788892128
-0.0587979169345
-0.0584173191803
-0.0580370914909
-0.0576573293582
-0.0572780283362
-0.0568991839844
-0.0565207918672
-0.056142847554
-0.0557653466192
-0.0553882846424
-0.0550116572076
-0.0546354599042
-0.0542596883259
-0.053884434521
-0.0535096940973
-0.0531354626687
-0.0527617358547
-0.0523885092802
-0.0520157785762
-0.0516435393787
-0.0512717873295
-0.0509005180759
-0.0505297272706
-0.0501595034766
-0.0497898423615
-0.0494207395991
-0.0490521908695
-0.048684191859
-0.0483167382602
-0.0479498257715
-0.0475834500979
-0.0472176069499
-0.0468522920443
-0.0464875904259
-0.046123497827
-0.0457600099867
-0.0453971226512
-0.0450348315733
-0.0446731325124
-0.0443120212347
-0.0439514935131
-0.0435915451271
-0.0432321718624
-0.0428734552208
-0.0425153910046
-0.0421579750234
-0.0418012030941
-0.041445071041
-0.0410895746957
-0.0407347098967
-0.0403804724899
-0.0400268583283
-0.0396738632718
-0.0393215652645
-0.0389699601834
-0.0386190439133
-0.0382688123469
-0.0379192613845
-0.0375703869342
-0.0372221849119
-0.0368746512409
-0.0365277818522
-0.0361815726845
-0.0358360981139
-0.0354913540967
-0.0351473365973
-0.0348040415884
-0.0344614650509
-0.034119602974
-0.0337784513549
-0.0334380061988
-0.0330982635192
-0.0327592193372
-0.0324209444581
-0.0320834349213
-0.0317466867751
-0.0314106960764
-0.0310754588909
-0.0307409712927
-0.0304072293644
-0.0300742291972
-0.0297419668909
-0.0294104385535
-0.0290797114267
-0.0287497816375
-0.0284206453217
-0.0280922986244
-0.0277647376996
-0.0274379587103
-0.0271119578285
-0.026786731235
-0.0264622751194
-0.0261385856803
-0.0258157266082
-0.0254936941209
-0.0251724844457
-0.0248520938193
-0.0245325184876
-0.0242137547061
-0.0238957987393
-0.0235786468613
-0.0232622953552
-0.0229467405132
-0.0226320424923
-0.0223181976044
-0.0220052021716
-0.0216930525254
-0.0213817450071
-0.0210712759676
-0.0207616417677
-0.0204528387774
-0.0201448633765
-0.0198377119542
-0.0195314411618
-0.0192260474087
-0.0189215271146
-0.0186178767088
-0.0183150926311
-0.018013171331
-0.0177121092679
-0.0174119029111
-0.0171125487399
-0.0168140432432
-0.0165164395958
-0.0162197343073
-0.0159239238976
-0.0156290048971
-0.0153349738463
-0.0150418272961
-0.0147495618073
-0.0144581739511
-0.0141676603088
-0.0138780174716
-0.0135892951748
-0.0133014900306
-0.0130145986622
-0.0127286177028
-0.0124435437966
-0.0121593735979
-0.0118761037716
-0.0115937309931
-0.0113122519479
-0.011031663332
-0.0107520114832
-0.0104732931188
-0.0101955049671
-0.00991864376672
-0.00964270626741
-0.00936768922941
-0.00909358942363
-0.00882040363158
-0.00854812864536
-0.00827676126759
-0.00800634448541
-0.00773687512311
-0.00746835001601
-0.00720076601031
-0.00693411996313
-0.00666840874245
-0.00640362922708
-0.00613977830662
-0.00587685288143
-0.0056148498626
-0.00535380893895
-0.00509372704354
-0.00483460112053
-0.00457642812518
-0.00431920502377
-0.00406292879365
-0.00380759642311
-0.00355320491141
-0.00329975126875
-0.00304723251617
-0.00279568509876
-0.00254510605975
-0.00229549245367
-0.00204684134621
-0.00179914981427
-0.00155241494591
-0.00130663384028
-0.00106180360763
-0.000817921369254
-0.000574984257482
-0.000333025534212
-9.20423541446e-05
0.000147968116676
0.000387008700886
0.000625082209843
0.000862191443645
0.00109833919117
0.00133352823012
0.001567761327
0.00180104123722
0.00203333781835
0.00226465380327
0.0024949919134
0.00272435485882
0.00295274533821
0.00318016603894
0.00340661963706
0.00363210879735
0.00385663617336
0.00408020440742
0.00430278641002
0.00452438480085
0.00474500218812
0.0049646411686
0.00518330432766
0.00540099423926
0.00561771346602
0.00583346455921
0.00604825005882
0.00626207249355
0.0064749077562
0.00668675835277
0.00689762677776
0.00710751551418
0.00731642703361
0.00752436379623
0.00773132825079
0.00793732283472
0.00814234997407
0.00834641208362
0.0085494879658
0.00875158001263
0.00895269060462
0.00915282211082
0.00935197688881
0.00955015728475
0.00974736563341
0.00994360425817
0.0101388754711
0.0103331815728
0.0105265042002
0.0107188456312
0.0109102081324
0.0111005939586
0.0112900053536
0.0114784445496
0.0116659137672
0.0118524152161
0.0120379510942
0.0122225235883
0.0124061170907
0.0125887337654
0.0127703757651
0.012951045231
0.0131307442929
0.0133094750693
0.0134872396672
0.0136640401825
0.0138398786996
0.0140147572917
0.0141886630276
0.0143615979578
0.0145335641215
0.0147045635467
0.0148745982496
0.0150436702355
0.0152117814983
0.0153789340206
0.0155451297736
0.0157103707174
0.015874646515
0.0160379591038
0.0162003104102
0.0163617023492
0.0165221368246
0.0166816157288
0.0168401409432
0.0169977143378
0.0171543377715
0.017310013092
0.0174647324728
0.0176184977393
0.0177713107056
0.0179231731747
0.0180740869386
0.0182240537778
0.0183730754619
0.0185211537494
0.0186682903875
0.0188144871125
0.0189597385251
0.0191040463394
0.0192474122583
0.0193898379739
0.0195313251671
0.0196718755076
0.0198114906544
0.0199501722553
0.0200879219471
0.0202247413557
0.0203606274215
0.0204955817482
0.0206296059291
0.0207627015461
0.0208948701703
0.0210261133621
0.0211564326706
0.0212858296345
0.0214143057812
0.0215418626275
0.0216684993666
0.0217942174938
0.0219190184932
0.0220429038383
0.0221658749919
0.0222879334058
0.0224090805213
0.0225293177687
0.0226486465679
0.0227670683278
0.0228845844071
0.0230011961936
0.0231169050642
0.0232317123853
0.0233456195127
0.0234586277914
0.0235707385561
0.0236819531307
0.0237922728285
0.0239016989525
0.0240102349405
0.0241178820743
0.0242246416252
0.0243305148542
0.0244355030116
0.0245396073374
0.0246428290613
0.0247451694023
0.0248466295692
0.0249472107604
0.0250469184022
0.025145753672
0.0252437177375
0.0253408117557
0.0254370368736
0.0255323942276
0.0256268849442
0.0257205101396
0.0258132709198
0.0259051683804
0.0259962098496
0.0260863964027
0.0261757291052
0.0262642090123
0.0263518371692
0.0264386146111
0.0265245423632
0.0266096214406
0.0266938528483
0.0267772375814
0.0268597847786
0.026941495415
0.027022370456
0.0271024108569
0.0271816175634
0.0272599915112
0.0273375336263
0.0274142448248
0.0274901260129
0.0275651780872
0.0276394119115
0.0277128283627
0.0277854283083
0.027857212606
0.0279281821039
0.0279983376404
0.0280676800445
0.0281362101354
0.0282039287228
0.0282708366068
0.0283369462856
0.0284022585401
0.0284667741422
0.0285304938539
0.0285934184283
0.0286555486086
0.028716885129
0.0287774287142
0.0288371800796
0.028896139931
0.0289543223158
0.0290117279213
0.0290683574258
0.0291242114984
0.0291792907989
0.0292335959782
0.0292871276779
0.0293398865304
0.0293918731591
0.0294430881783
0.0294935470952
0.0295432505061
0.0295921989981
0.0296403931495
0.0296878335298
0.0297345206994
0.02978045521
0.0298256376044
0.0298700684162
0.0299137481706
0.0299566937508
0.0299989056644
0.03004038441
0.0300811304776
0.0301211443487
0.030160426496
0.0301989773836
0.0302367974669
0.0302738871929
0.0303102469997
0.0303458950584
0.0303808317899
0.0304150576071
0.0304485729144
0.0304813781076
0.0305134735743
0.0305448596938
0.0305755368367
0.0306055053657
0.0306347656346
0.0306633370201
0.0306912198597
0.0307184144827
0.0307449212106
0.0307707403563
0.0307958722249
0.0308203171132
0.0308440753102
0.0308671470963
0.0308895327443
0.0309112527527
0.0309323073783
0.0309526968696
0.0309724214676
0.0309914814052
0.0310098769077
0.0310276081921
0.0310446754682
0.0310610789373
0.0310768187934
0.0310919165745
0.0311063724589
0.0311201866174
0.0311333592131
0.0311458904016
0.031157780331
0.0311690291417
0.0311796369665
0.0311896039307
0.0311989301521
0.031207638127
0.0312157279581
0.0312231997412
0.0312300535643
0.0312362895085
0.0312419076474
0.0312469080473
0.0312512907673
0.0312550558592
0.0312582033675
0.0312607566681
0.0312627157912
0.0312640807599
0.0312648515904
0.0312650282917
0.0312646108661
0.0312635993084
0.0312619936068
0.0312597937423
0.031256999689
0.0312536356239
0.0312497015073
0.0312451972927
0.0312401229269
0.03123447835
0.0312282634955
0.0312214782898
0.0312141226529
0.031206196498
0.0311976997314
0.0311886572556
0.0311790689638
0.0311689347429
0.0311582544732
0.0311470280285
0.0311352552765
0.031122936078
0.0311100702876
0.0310966577535
0.0310826983173
0.0310682175324
0.0310532152279
0.0310376912266
0.0310216453454
0.0310050773947
0.0309879871791
0.0309703744968
0.0309522391398
0.0309335808942
0.0309143995396
0.0308947212069
0.0308745456636
0.0308538726718
0.0308327019874
0.0308110333605
0.0307888665354
0.0307662012505
0.0307430372382
0.0307193742251
0.030695211932
0.0306705769959
0.030645469126
0.0306198880262
0.0305938333944
0.0305673049233
0.0305403022997
0.030512825205
0.0304848733149
0.0304564462996
0.0304275438236
0.0303981929603
0.0303683933636
0.0303381446818
0.0303074465579
0.0302762986298
0.0302447005299
0.0302126518853
0.030180152318
0.0301472014443
0.0301137988756
0.0300799720554
0.0300457205846
0.0300110440592
0.02997594207
0.0299404142028
0.0299044600386
0.0298680791532
0.0298312711173
0.0297940354967
0.0297563718521
0.0297183079326
0.0296798432893
0.0296409774684
0.0296017100115
0.0295620404553
0.0295219683319
0.0294814931685
0.0294406144878
0.0293993318076
0.0293576446408
0.0293155809757
0.0292731403162
0.0292303221618
0.0291871260074
0.0291435513435
0.0290995976562
0.0290552644271
0.0290105511333
0.0289654572474
0.0289199822376
0.0288741542722
0.0288279728105
0.0287814373082
0.0287345472163
0.0286873019819
0.0286397010479
0.0285917438529
0.0285434298313
0.0284947584135
0.0284457290253
0.0283963699556
0.0283466806222
0.0282966604393
0.0282463088171
0.0281956251619
0.028144608876
0.028093259358
0.0280415760023
0.0279895581995
0.0279372053364
0.0278845167955
0.0278314919557
0.0277781634469
0.0277245306404
0.0276705929038
0.0276163496014
0.0275618000936
0.0275069437372
0.0274517798857
0.0273963078886
0.0273405270919
0.0272844368382
0.027228036466
0.0271713253105
0.0271143378314
0.0270570733568
0.0269995312119
0.0269417107183
0.0268836111945
0.0268252319556
0.0267665723135
0.0267076315767
0.0266484090506
0.0265889040369
0.0265291158344
0.0264690437382
0.0264087221633
0.0263481503988
0.0262873277306
0.0262262534421
0.0261649268134
0.0261033471218
0.0260415136414
0.0259794256436
0.0259170823966
0.0258544831657
0.0257916272131
0.025728513798
0.0256651771618
0.0256016165581
0.025537831238
0.0254738204497
0.0254095834391
0.0253451194491
0.0252804277201
0.0252155074898
0.0251503579932
0.0250849784626
0.0250193982231
0.024953616502
0.0248876325242
0.0248214455124
0.0247550546866
0.0246884592646
0.0246216584617
0.024554651491
0.0244874375628
0.0244200158853
0.0243524141981
0.0242846317048
0.0242166676069
0.0241485211037
0.0240801913923
0.0240116776678
0.0239429791229
0.0238740949484
0.0238050243327
0.023735766462
0.0236663487783
0.0235967704639
0.0235270306992
0.0234571286626
0.0233870635306
0.023316834478
0.0232464406774
0.0231758812997
0.0231051555135
0.0230342624859
0.0229632293467
0.0228920552592
0.0228207393851
0.0227492808843
0.0226776789153
0.0226059326346
0.0225340411971
0.0224620037561
0.0223898194631
0.0223174874677
0.0222450345493
0.0221724598544
0.0220997625284
0.022026941715
0.0219539965566
0.0218809261941
0.0218077297668
0.0217344064127
0.0216609552683
0.0215873754684
0.0215136934047
0.0214399082096
0.0213660190141
0.021292024948
0.02121792514
0.0211437187174
0.0210694048063
0.0209949825316
0.0209204510168
0.0208458093841
0.0207710836043
0.0206962727973
0.0206213760822
0.0205463925771
0.020471321399
0.0203961616638
0.0203209124866
0.0202455729812
0.0201701422604
0.020094619436
0.0200190300269
0.0199433731429
0.0198676478932
0.0197918533862
0.0197159887294
0.0196400530296
0.0195640453926
0.0194879649234
0.0194118107263
0.0193355819044
0.0192593034947
0.0191829745991
0.0191065943188
0.0190301617546
0.0189536760066
0.0188771361742
0.0188005413562
0.0187238906509
0.0186471831557
0.0185704179675
0.0184936196115
0.0184167871836
0.0183399197791
0.0182630164932
0.0181860764204
0.0181090986549
0.0180320822905
0.0179550264203
0.0178779301372
0.0178007925335
0.0177236375995
0.017646464427
0.0175692721073
0.0174920597318
0.0174148263915
0.0173375711771
0.0172602931792
0.0171829914879
0.0171056651933
0.0170283133849
0.0169509594947
0.0168736026121
0.0167962418263
0.0167188762267
0.0166415049026
0.0165641269431
0.0164867414374
0.0164093474744
0.0163319441431
0.0162545305323
0.0161771294916
0.0160997401096
0.0160223614756
0.0159449926786
0.0158676328078
0.0157902809527
0.0157129362027
0.0156355976474
0.0155582643763
0.0154809354791
0.0154036332061
0.0153263566473
0.0152491048931
0.0151718770342
0.0150946721616
0.0150174893664
0.0149403277402
0.0148631863746
0.0147860643617
0.0147089607935
0.014631897301
0.0145548729771
0.014477886915
0.0144009382088
0.0143240259525
0.0142471492409
0.0141703071692
0.0140934988328
0.0140167233277
0.0139399797502
0.0138632890965
0.0137866504639
0.0137100629506
0.0136335256549
0.013557037676
0.0134805981136
0.0134042060681
0.0133278606402
0.0132515609314
0.0131753060436
0.0130991163243
0.013022990877
0.0129469288056
0.0128709292148
0.0127949912102
0.0127191138979
0.0126432963848
0.0125675377787
0.0124918371877
0.012416193721
0.0123406270653
0.0122651363313
0.0121897206304
0.012114379075
0.0120391107784
0.0119639148546
0.0118887904187
0.0118137365865
0.0117387524744
0.0116638372001
0.0115890097779
0.011514269327
0.0114396149678
0.0113650458217
0.011290561011
0.0112161596591
0.0111418408903
0.0110676038298
0.0109934476039
0.0109193713399
0.010845393372
0.0107715128297
0.0106977288432
0.0106240405443
0.0105504470657
0.0104769475413
0.0104035411059
0.0103302268956
0.0102570040475
0.0101838716998
0.0101108474985
0.0100379305841
0.00996512009837
0.00989241518443
0.00981981498656
0.00974731865031
0.00967492532244
0.0096026341509
0.00953044428487
0.00945835487471
0.00938638287224
0.0093145274304
0.0092427877035
0.00917116284721
0.00909965201856
0.0090282543759
0.00895696907892
0.00888579528864
0.00881473216737
0.00874377887874
0.00867295167615
0.00860224972601
0.00853167219621
0.00846121825609
0.00839088707645
0.00832067782955
0.00825058968906
0.00818062183007
0.00811077342911
0.00804104366408
0.00797144808737
0.00790198587988
0.00783265622409
0.00776345830402
0.00769439130526
0.00762545441493
0.00755664682168
0.00748796771568
0.00741941628861
0.00735099173364
0.00728270890087
0.00721456698664
0.00714656518895
0.00707870270748
0.0070109787435
0.00694339249996
0.00687594318137
0.00680862999391
0.00674145214531
0.00667440884492
0.00660751424021
0.00654076754385
0.00647416797027
0.00640771473563
0.00634140705779
0.00627524415634
0.00620922525258
0.00614334956947
0.0060776163317
0.00601202476558
0.00594658831718
0.00588130621633
0.00581617769468
0.00575120198569
0.00568637832463
0.00562170594852
0.00555718409621
0.00549281200827
0.00542858892707
0.00536451409671
0.00530060026477
0.00523684667899
0.00517325258902
0.00510981724637
0.0050465399044
0.00498341981837
0.00492045624534
0.00485764844425
0.00479499567586
0.00473249720274
0.00467016507728
0.00460799856586
0.00454599693676
0.00448415946024
0.00442248540847
0.00436097405554
0.00429962467747
0.00423843655217
0.00417740895945
0.00411654118101
0.00405584457909
0.00399531843928
0.00393496204919
0.00387477469841
0.00381475567852
0.00375490428311
0.00369521980769
0.00363570154979
0.00357634880884
0.00351716088625
0.00345814846047
0.0033993108369
0.00334064732301
0.00328215722832
0.00322383986437
0.00316569454475
0.00310772058506
0.00304991730294
0.00299228401802
0.00293482005191
0.00287753540599
0.00282042940598
0.00276350137973
0.00270675065715
0.00265017657028
0.00259377845319
0.00253755564206
0.00248150747511
0.00242563329261
0.0023699324369
0.00231441424009
0.00225907804871
0.0022039232114
0.00214894907897
0.00209415500433
0.0020395403425
0.00198510445064
0.001930846688
0.0018767664159
0.0018228629978
0.00176914510597
0.00171561210811
0.0016622633741
0.00160909827597
0.00155611618791
0.00150331648629
0.0014506985496
0.00139826175847
0.00134600549567
0.0012939291461
0.00124204073175
0.00119033964184
0.00113882526779
0.00108749700322
0.00103635424395
0.000985396387966
0.000934622835432
0.000884032988687
0.000833626252229
0.000783402032709
0.000733367712322
0.000683522702104
0.000633866415314
0.000584398267436
0.000535117676164
0.0004860240614
0.000437116845247
0.000388395452
0.00033985930814
0.000291507842329
0.000243347808801
0.000195378640643
0.000147599773187
0.000100010644005
5.26106929018e-05
5.39936190779e-06
-4.16239047274e-05
-8.84596605409e-05
-0.000135108456864
-0.000181570842827
-0.000227840680368
-0.00027391851416
-0.000319804886613
-0.000365500337889
-0.000411005405901
-0.00045632062632
-0.000501446532587
-0.000546383655912
-0.000591132525284
-0.000635693667478
-0.000680061547462
-0.000724236687526
-0.000768219607693
-0.000812010825726
-0.000855610857129
-0.000899020215157
-0.000942239410824
-0.000985268952902
-0.00102810934793
-0.00107076110023
-0.00111321926471
-0.00115548434117
-0.00119755682716
-0.00123943721797
-0.00128112600661
-0.00132262368385
-0.00136393073821
-0.00140504765595
-0.00144597492111
-0.00148671301548
-0.00152725756967
-0.00156760906095
-0.00160776796437
-0.00164773475268
-0.00168750989637
-0.0017270938637
-0.00176648712065
-0.00180569013098
-0.0018447033562
-0.00188352725557
-0.00192215802097
-0.00196059610716
-0.00199884196666
-0.00203689604971
-0.0020747588043
-0.00211243067617
-0.0021499121088
-0.00218720354344
-0.00222430541912
-0.0022612181726
-0.00229793854186
-0.00233446695919
-0.00237080385462
-0.00240694965594
-0.00244290478866
-0.00247866967608
-0.00251424473924
-0.00254963039696
-0.00258482706581
-0.00261983516015
-0.00265465194894
-0.00268927784207
-0.00272371324717
-0.00275795856964
-0.00279201421265
-0.00282588057712
-0.00285955806175
-0.00289304706302
-0.00292634797518
-0.0029594611903
-0.0029923844922
-0.0030251182685
-0.00305766290456
-0.00309001878354
-0.00312218628634
-0.00315416579167
-0.00318595767603
-0.00321756231369
-0.00324898007674
-0.00328021133506
-0.00331125437134
-0.00334210955105
-0.00337277723745
-0.00340325779159
-0.00343355157232
-0.00346365893629
-0.00349358023794
-0.00352331582955
-0.0035528660612
-0.00358223128077
-0.00361141025341
-0.00364040332263
-0.00366921082978
-0.00369783311401
-0.0037262705123
-0.00375452335943
-0.00378259198804
-0.00381047672859
-0.00383817790935
-0.00386569585647
-0.00389302980072
-0.00392018006392
-0.00394714696571
-0.00397393082358
-0.00400053195285
-0.00402695066672
-0.00405318727622
-0.00407924209022
-0.00410511541549
-0.00413080755664
-0.00415631819336
-0.00418164762599
-0.00420679615273
-0.00423176406968
-0.00425655167078
-0.00428115924788
-0.00430558709067
-0.00432983548677
-0.00435390472164
-0.00437779507868
-0.00440150666955
-0.00442503977342
-0.00444839466734
-0.0044715716263
-0.00449457092315
-0.00451739282868
-0.00454003761158
-0.00456250553846
-0.00458479687383
-0.00460691188016
-0.00462885108319
-0.00465061474123
-0.00467220311052
-0.00469361644523
-0.00471485499746
-0.00473591901726
-0.00475680875263
-0.00477752444953
-0.00479806635183
-0.00481843470139
-0.00483863042142
-0.00485865374967
-0.00487850492191
-0.00489818417184
-0.00491769173116
-0.00493702782954
-0.00495619269463
-0.00497518655208
-0.00499400962551
-0.00501266213654
-0.00503114538854
-0.00504945959914
-0.00506760498396
-0.00508558175663
-0.00510339012881
-0.00512103031016
-0.00513850250837
-0.00515580692915
-0.00517294377624
-0.0051899132514
-0.00520671702019
-0.00522335528045
-0.00523982822808
-0.00525613605702
-0.00527227895928
-0.0052882571249
-0.00530407074202
-0.00531971999682
-0.00533520507355
-0.00535052615452
-0.00536568525068
-0.0053806825405
-0.00539551820057
-0.00541019240554
-0.00542470532819
-0.00543905713939
-0.00545324800811
-0.00546727810143
-0.00548114758454
-0.00549485662072
-0.00550840754834
-0.00552180052695
-0.00553503571422
-0.00554811326598
-0.00556103333621
-0.00557379607701
-0.00558640163866
-0.00559885016956
-0.00561114181629
-0.00562327672356
-0.00563525754078
-0.00564708440902
-0.00565875746752
-0.00567027685371
-0.00568164270322
-0.00569285514987
-0.00570391432567
-0.00571482036083
-0.00572557338374
-0.00573617352102
-0.00574662371519
-0.00575692408931
-0.00576707476463
-0.00577707586067
-0.00578692749519
-0.00579662978416
-0.00580618284182
-0.00581558678065
-0.00582484171137
-0.00583394774293
-0.00584290809448
-0.00585172287151
-0.0058603921778
-0.00586891611543
-0.00587729478475
-0.00588552828441
-0.00589361671134
-0.00590156016078
-0.00590935872625
-0.00591701249957
-0.00592452495917
-0.0059318961935
-0.00593912628933
-0.00594621533181
-0.00595316340439
-0.00595997058887
-0.0059666369654
-0.00597316261247
-0.00597954760691
-0.00598579202389
-0.00599189958505
-0.00599787036228
-0.00600370442589
-0.00600940184456
-0.00601496268538
-0.00602038701381
-0.00602567489372
-0.00603082638737
-0.0060358415554
-0.00604072045687
-0.00604546703932
-0.00605008135863
-0.00605456346912
-0.00605891342358
-0.00606313127321
-0.00606721706767
-0.00607117085507
-0.00607499268196
-0.00607868259332
-0.00608224063262
-0.00608567095763
-0.00608897360874
-0.00609214862483
-0.00609519604328
-0.00609811589998
-0.00610090822929
-0.0061035730641
-0.00610611043578
-0.00610852037421
-0.00611080290775
-0.00611296238836
-0.00611499884148
-0.00611691229108
-0.00611870275969
-0.00612037026838
-0.00612191483679
-0.0061233364831
-0.00612463522405
-0.00612581107494
-0.0061268640496
-0.00612779867832
-0.0061286149721
-0.00612931294054
-0.00612989259187
-0.00613035393292
-0.0061306969691
-0.00613092170447
-0.00613102814166
-0.00613101628193
-0.00613088612515
-0.00613064236425
-0.00613028499636
-0.00612981401728
-0.00612922942147
-0.00612853120203
-0.00612771935076
-0.00612679385808
-0.00612575471311
-0.00612460190361
-0.00612333541601
-0.00612196009127
-0.0061204759132
-0.00611888286432
-0.00611718092588
-0.00611537007785
-0.00611345029889
-0.00611142156641
-0.00610928385653
-0.00610703714408
-0.0061046814026
-0.00610222160623
-0.00609965772601
-0.00609698973175
-0.00609421759205
-0.00609134127426
-0.00608836074453
-0.00608527596776
-0.00608208690764
-0.00607879352661
-0.00607539578591
-0.0060718987774
-0.00606830245991
-0.0060646067911
-0.00606081172745
-0.0060569172243
-0.00605292323578
-0.00604882971488
-0.0060446366134
-0.00604034388198
-0.00603595147007
-0.00603146457443
-0.00602688314224
-0.00602220711956
-0.00601743645133
-0.00601257108139
-0.00600761095246
-0.00600255600614
-0.00599740618293
-0.00599216142218
-0.00598682166216
-0.00598139218986
-0.00597587294136
-0.00597026385169
-0.0059645648548
-0.0059587758836
-0.00595289686994
-0.00594692774461
-0.00594086843733
-0.00593471887675
-0.00592847899049
-0.00592215414275
-0.00591574425906
-0.00590924926396
-0.00590266908099
-0.00589600363267
-0.00588925284054
-0.00588241662511
-0.0058754949059
-0.00586848760143
-0.00586139462919
-0.00585422141756
-0.00584696788207
-0.00583963393734
-0.00583221949701
-0.00582472447381
-0.00581714877949
-0.00580949232486
-0.00580175501979
-0.00579393677318
-0.005786037493
-0.0057780626587
-0.00577001217641
-0.00576188595135
-0.00575368388785
-0.00574540588934
-0.00573705185837
-0.00572862169659
-0.00572011530476
-0.00571153258272
-0.00570287342944
-0.00569414336403
-0.00568534228374
-0.00567647008493
-0.00566752666317
-0.00565851191316
-0.00564942572877
-0.00564026800303
-0.00563103862813
-0.00562173749541
-0.00561236449538
-0.00560292517417
-0.00559341942063
-0.00558384712288
-0.0055742081682
-0.00556450244314
-0.00555472983342
-0.00554489022399
-0.00553498349901
-0.00552500954186
-0.00551496823512
-0.00550486514124
-0.00549470014129
-0.0054844731156
-0.00547418394376
-0.00546383250466
-0.00545341867641
-0.00544294233643
-0.00543240336138
-0.00542180162719
-0.00541113700904
-0.00540041507448
-0.00538963569726
-0.0053787987505
-0.00536790410661
-0.00535695163733
-0.00534594121372
-0.00533487270617
-0.00532374598436
-0.00531256091731
-0.00530131737333
-0.00529002091436
-0.0052786714074
-0.00526726871883
-0.00525581271443
-0.00524430325931
-0.005232740218
-0.00522112345435
-0.00520945283162
-0.0051977282124
-0.00518594945867
-0.00517412211645
-0.00516224604652
-0.00515032110905
-0.00513834716365
-0.00512632406938
-0.00511425168468
-0.00510212986743
-0.00508995847493
-0.00507773736389
-0.00506546639043
-0.0050531510756
-0.00504079127441
-0.00502838684136
-0.00501593763041
-0.00500344349502
-0.00499090428808
-0.00497831986199
-0.0049656900686
-0.00495301475921
-0.00494029378462
-0.00492753263077
-0.00491473114742
-0.00490188918388
-0.00488900658896
-0.00487608321101
-0.00486311889788
-0.00485011349696
-0.00483706685513
-0.00482397881881
-0.00481084923393
-0.00479768354321
-0.00478448159168
-0.00477124322391
-0.00475796828406
-0.00474465661585
-0.00473130806257
-0.00471792246707
-0.00470449967178
-0.00469103951868
-0.00467754184931
-0.00466401205429
-0.00465044997433
-0.00463685544979
-0.00462322832061
-0.00460956842639
-0.00459587560631
-0.00458214969918
-0.0045683905434
-0.00455459797701
-0.00454077183763
-0.00452691745622
-0.00451303466967
-0.00449912331457
-0.00448518322714
-0.00447121424327
-0.00445721619851
-0.00444318892809
-0.00442913226686
-0.00441504604934
-0.00440093010972
-0.00438678971114
-0.00437262468713
-0.00435843487095
-0.00434422009554
-0.00432998019357
-0.0043157149974
-0.0043014243391
-0.00428710805044
-0.00427276596287
-0.00425839790757
-0.00424400907292
-0.00422959928954
-0.00421516838778
-0.00420071619777
-0.00418624254937
-0.00417174727219
-0.0041572301956
-0.0041426911487
-0.00412812996032
-0.00411354645906
-0.00409894575237
-0.00408432766837
-0.00406969203497
-0.00405503867988
-0.0040403674306
-0.00402567811442
-0.00401097055841
-0.00399624458943
-0.00398150003413
-0.00396673671893
-0.00395195966358
-0.00393716869411
-0.00392236363642
-0.00390754431621
-0.00389271055903
-0.00387786219026
-0.00386299903509
-0.00384812091855
-0.00383322766551
-0.00381831910063
-0.00380340014976
-0.00378847063727
-0.0037735303874
-0.00375857922429
-0.00374361697193
-0.00372864345417
-0.00371365849474
-0.00369866191726
-0.00368365354516
-0.00366863320178
-0.00365360571425
-0.00363857090565
-0.00362352859901
-0.00360847861724
-0.00359342078317
-0.00357835491955
-0.003563280849
-0.00354819839409
-0.00353310737726
-0.00351800762086
-0.00350290384769
-0.00348779587995
-0.00347268353979
-0.0034575666493
-0.00344244503053
-0.00342731850547
-0.00341218689604
-0.00339705002412
-0.00338190771152
-0.00336675977997
-0.00335161084372
-0.00333646072444
-0.00332130924378
-0.00330615622337
-0.00329100148484
-0.00327584484978
-0.00326068613977
-0.00324552517636
-0.00323036178107
-0.00321519577541
-0.00320003166
-0.00318486925633
-0.00316970838591
-0.00315454887027
-0.00313939053095
-0.0031242331895
-0.0031090766675
-0.00309392078652
-0.00307876536814
-0.00306361023397
-0.00304845976795
-0.00303331379174
-0.00301817212705
-0.00300303459562
-0.00298790101926
-0.00297277121981
-0.00295764501917
-0.00294252223928
-0.0029274027021
-0.00291228622965
-0.00289717708515
-0.00288207509075
-0.00286698006865
-0.00285189184117
-0.00283681023068
-0.00282173505965
-0.0028066661506
-0.00279160332616
-0.002776546409
-0.00276149522186
-0.00274645390396
-0.00273142227821
-0.00271640016768
-0.00270138739552
-0.00268638378499
-0.00267138915949
-0.00265640334249
-0.00264142615758
-0.00262645742846
-0.0026114969789
-0.00259654882178
-0.00258161278113
-0.00256668868112
-0.00255177634607
-0.00253687560043
-0.00252198626879
-0.00250710817587
-0.00249224114653
-0.00247738500576
-0.00246253957866
-0.00244770874868
-0.0024328923412
-0.00241809018183
-0.00240330209631
-0.00238852791055
-0.00237376745064
-0.00235902054281
-0.00234428701347
-0.00232956668918
-0.00231485939664
-0.00230016888831
-0.00228549499126
-0.00227083753275
-0.00225619634022
-0.00224157124133
-0.0022269620639
-0.00221236863597
-0.00219779078574
-0.00218322834159
-0.00216868113211
-0.00215415277622
-0.00213964310292
-0.00212515194137
-0.00211067912101
-0.00209622447146
-0.00208178782255
-0.00206736900434
-0.0020529678471
-0.00203858418129
-0.00202421783759
-0.00200987230068
-0.00199554740167
-0.00198124297194
-0.00196695884309
-0.00195269484698
-0.00193845081569
-0.00192422658154
-0.00191002197708
-0.0018958368351
-0.00188167098862
-0.00186752778626
-0.00185340706154
-0.00183930864822
-0.00182523238034
-0.00181117809219
-0.00179714561834
-0.00178313479359
-0.001769145453
-0.0017551774319
-0.00174123056586
-0.00172730806709
-0.00171340977168
-0.00169953551605
-0.00168568513684
-0.00167185847104
-0.00165805535585
-0.00164427562881
-0.00163051912769
-0.00161678569055
-0.00160307515573
-0.00158939059802
-0.00157573185632
-0.00156209876985
-0.00154849117812
-0.00153490892095
-0.00152135183844
-0.001507819771
-0.00149431255933
-0.00148083004443
-0.00146737206758
-0.00145394156595
-0.00144053838145
-0.00142716235628
-0.00141381333299
-0.00140049115443
-0.00138719566378
-0.00137392670452
-0.00136068412046
-0.00134746775569
-0.00133427745465
-0.00132111601684
-0.00130798328735
-0.00129487911156
-0.00128180333522
-0.0012687558044
-0.0012557363655
-0.00124274486527
-0.00122978115077
-0.00121684506939
-0.00120393646884
-0.00119105801117
-0.00117820954478
-0.0011653909184
-0.00115260198115
-0.00113984258247
-0.00112711257216
-0.00111441180036
-0.00110174011756
-0.00108909737459
-0.00107648342262
-0.00106390078655
-0.00105134931828
-0.00103882887003
-0.00102633929443
-0.00101388044445
-0.00100145217341
-0.000989054335022
-0.000976686783334
-0.000964349372756
-0.000952041958054
-0.000939766927944
-0.000927524137925
-0.000915313443876
-0.000903134702054
-0.000890987769092
-0.000878872501996
-0.000866788758148
-0.000854736395297
-0.000842715271565
-0.00083072524544
-0.000818768570175
-0.000806845105016
-0.000794954709602
-0.00078309724396
-0.000771272568504
-0.000759480544035
-0.000747721031739
-0.000735993893184
-0.000724298990317
-0.000712636185468
-0.000701007597742
-0.000689413090248
-0.000677852526497
-0.000666325770398
-0.000654832686258
-0.000643373138783
-0.000631946993071
-0.000620554114614
-0.000609194369296
-0.000597867623391
-0.00058657586296
-0.000575318955078
-0.000564096767228
-0.000552909167305
-0.000541756023607
-0.000530637204842
-0.000519552580118
-0.000508502018949
-0.000497485391248
-0.000486502567327
-0.000475555401897
-0.000464643766089
-0.000453767531451
-0.000442926569949
-0.000432120753964
-0.000421349956289
-0.000410614050133
-0.000399912909112
-0.000389246407253
-0.000378614418991
-0.000368018669365
-0.000357459033644
-0.000346935387519
-0.000336447607108
-0.000325995568947
-0.000315579149997
-0.000305198227635
-0.000294852679658
-0.000284542384278
-0.000274267220124
-0.000264028784435
-0.000253826956686
-0.000243661616781
-0.000233532645054
-0.000223439922267
-0.00021338332961
-0.000203362748695
-0.000193378061562
-0.00018342915067
-0.000173515898902
-0.000163639777959
-0.000153800671579
-0.000143998463938
-0.000134233039643
-0.000124504283736
-0.000114812081691
-0.000105156319412
-9.55368832302e-05
-8.59536599068e-05
-7.64065366281e-05
-6.68968612055e-05
-5.74245216915e-05
-4.79894065779e-05
-3.85914047946e-05
-2.92304057087e-05
-1.99062991225e-05
-1.0618975273e-05
-1.36832482979e-06
7.84576110548e-06
1.70233910009e-05
2.61633378954e-05
3.52657093844e-05
4.43306126207e-05
5.33581543163e-05
6.23484407432e-05
7.13015777352e-05
8.02176706883e-05
8.90968245627e-05
9.79391438837e-05
0.000106744732743
0.000115512483
0.000124242497869
0.000132934880118
0.000141589732076
0.000150207155626
0.000158787252214
0.000167330122843
0.000175835868081
0.000184304588056
0.000192736382464
0.000201130259363
0.000209486317565
0.000217804655439
0.000226085370907
0.00023432856145
0.000242534324108
0.000250702755478
0.000258833951719
0.000266928008552
0.00027498502126
0.00028300411109
0.000290985372443
0.000298928899275
0.000306834785096
0.000314703122975
0.000322534005538
0.00033032752497
0.000338083773016
0.000345802840984
0.000353484819743
0.000361128941123
0.000368735295114
0.000376303971255
0.000383835058647
0.000391328645944
0.000398784821362
0.000406203672675
0.000413585287218
0.000420929751887
0.000428237153142
0.000435506830404
0.000442738869254
0.000449933354827
0.000457090371816
0.000464210004474
0.000471292336614
0.000478337451608
0.000485345432393
0.000492316361466
0.000499250320889
0.000506146754689
0.000513005744051
0.000519827369719
0.000526611711998
0.000533358850753
0.000540068865411
0.000546741834964
0.000553377837964
0.000559976952533
0.000566539256354
0.000573064295079
0.000579552145522
0.000586002884057
0.000592416586622
0.000598793328721
0.00060513318542
0.000611436231353
0.000617702540718
0.000623932187284
0.000630125244385
0.000636281355928
0.00064240059438
0.00064848303178
0.000654528739729
0.000660537789398
0.000666510251525
0.000672446196418
0.000678345693956
0.000684208813588
0.000690035624334
0.000695825865389
0.000701579604914
0.000707296910644
0.000712977849883
0.000718622489507
0.000724230895964
0.000729803135278
0.000735339273045
0.000740839374437
0.0007463035042
0.00075173149326
0.000757123405515
0.000762479304437
0.000767799253079
0.000773083314065
0.0007783315496
0.000783544021468
0.000788720791028
0.000793861919223
0.000798967466574
0.000804037352783
0.000809071637534
0.000814070380091
0.000819033639299
0.000823961473586
0.000828853940962
0.000833711099022
0.000838533004945
0.000843319715493
0.000848071287018
0.000852787724454
0.000857469083323
0.000862115418736
0.000866726785387
0.000871303237564
0.000875844829141
0.00088035161358
0.000884823643936
0.000889260972854
0.000893663652571
0.000898031769916
0.000902365376309
0.000906664522766
0.000910929259898
0.000915159637908
0.000919355706598
0.000923517515363
0.000927645113196
0.000931738548689
0.000935797870028
0.000939823242601
0.000943814713794
0.000947772330596
0.000951696139594
0.000955586186982
0.000959442518553
0.000963265179703
0.000967054215433
0.000970809670348
0.000974531588658
0.000978220210776
0.000981875580126
0.000985497739739
0.000989086732256
0.000992642599925
0.000996165384607
0.000999655127772
0.0010031118705
0.00100653565349
0.00100992651704
0.00101328477327
0.00101661046171
0.00101990362152
0.00102316429146
0.00102639250991
0.00102958831489
0.001032751744
0.00103588283449
0.00103898162323
0.00104204814668
0.00104508278534
0.00104808557495
0.00105105655085
0.00105399574802
0.00105690320105
0.00105977894417
0.00106262301124
0.00106543543573
0.00106821625076
0.00107096548906
0.00107368359599
0.00107637060356
0.00107902654339
0.00108165144674
0.00108424534453
0.00108680826728
0.00108934024517
0.001091841308
0.00109431148521
0.00109675080589
0.00109915977695
0.00110153842675
0.00110388678329
0.00110620487421
0.00110849272681
0.00111075036802
0.0011129778244
0.0011151751222
0.00111734228726
0.00111947934511
0.0011215868609
0.00112366485944
0.0011257133652
0.00112773240228
0.00112972199446
0.00113168216516
0.00113361293745
0.00113551433407
0.00113738637739
0.00113922908945
0.00114104309016
0.00114282840085
0.00114458504255
0.00114631303593
0.00114801240135
0.00114968315879
0.00115132532794
0.00115293892813
0.00115452397834
0.00115608049724
0.00115760915635
0.00115910997367
0.00116058296686
0.00116202815327
0.00116344554991
0.00116483517345
0.00116619704027
0.0011675311664
0.00116883756753
0.00117011625905
0.00117136796061
0.00117259268695
0.00117379045248
0.0011749612713
0.0011761051572
0.00117722212364
0.00117831218377
0.00117937535043
0.00118041163612
0.00118142105306
0.00118240436591
0.00118336158626
0.00118429272537
0.00118519779421
0.00118607680343
0.00118692976338
0.0011877566841
0.00118855757532
0.00118933244647
0.00119008130668
0.00119080496235
0.00119150342201
0.00119217669389
0.0011928247859
0.00119344770567
0.00119404546054
0.00119461805755
0.00119516550343
0.00119568780463
0.0011961849673
0.00119665783669
0.00119710641837
0.00119753071761
0.00119793073942
0.0011983064885
0.00119865796928
0.00119898518589
0.00119928814218
0.00119956684172
0.0011998212878
0.001200052361
0.00120026006405
0.00120044439939
0.00120060536919
0.00120074297535
0.00120085721949
0.00120094810295
0.0012010156268
0.00120105979183
0.00120108059857
0.00120107896027
0.00120105487689
0.00120100834816
0.00120093937353
0.00120084795219
0.00120073408306
0.0012005977648
0.00120043899581
0.00120025777421
0.00120005409788
0.00119982890961
0.00119958220676
0.00119931398642
0.00119902424543
0.00119871298038
0.00119838018761
0.0011980258632
0.00119765000298
0.00119725260252
0.00119683365715
0.00119639413613
0.0011959340343
0.00119545334622
0.00119495206625
0.00119443018848
0.00119388770677
0.00119332461473
0.00119274090574
0.00119213657292
0.00119151160916
0.0011908670077
0.00119020276096
0.0011895188611
0.00118881530009
0.00118809206964
0.00118734916123
0.00118658656612
0.00118580427534
0.00118500227967
0.00118418056967
0.00118334015948
0.00118248103918
0.00118160319868
0.00118070662763
0.00117979131549
0.00117885725148
0.0011779044246
0.00117693282363
0.00117594243714
0.00117493325347
0.00117390630514
0.00117286158005
0.00117179906592
0.00117071875022
0.00116962062026
0.00116850466308
0.00116737086557
0.00116621921437
0.00116504969593
0.00116386229647
0.00116265806403
0.00116143698441
0.00116019904326
0.00115894422598
0.00115767251783
0.00115638390381
0.00115507836877
0.00115375589733
0.00115241647392
0.00115106008279
0.00114968778495
0.00114829956426
0.00114689540437
0.00114547528876
0.0011440392007
0.00114258712329
0.00114111903943
0.00113963493185
0.00113813478307
0.00113661857543
0.00113508738069
0.00113354118081
0.0011319799576
0.00113040369268
0.00112881236748
0.00112720596329
0.00112558446118
0.00112394784207
0.00112229608669
0.0011206291756
0.00111894818857
0.00111725310582
0.00111554390739
0.00111382057316
0.00111208308284
0.00111033141599
0.00110856555197
0.00110678547
0.00110499114912
0.00110318256822
0.001101360813
0.00109952586201
0.00109767769366
0.00109581628619
0.00109394161768
0.00109205366607
0.00109015240913
0.00108823782447
0.00108630988957
0.00108436858173
0.00108241499028
0.00108044909224
0.00107847086446
0.00107648028366
0.00107447732639
0.00107246196908
0.00107043418801
0.00106839395931
0.00106634125895
0.00106427606278
0.00106219946148
0.0010601114306
0.00105801194556
0.00105590098166
0.00105377851403
0.0010516445177
0.00104949896754
0.0010473418383
0.00104517310457
0.00104299274084
0.00104080183702
0.00103860036734
0.00103638830587
0.00103416562658
0.0010319323033
0.00102968830973
0.00102743361947
0.00102516820596
0.00102289204255
0.00102060510243
0.00101830847289
0.00101600212688
0.00101368603727
0.00101136017677
0.00100902451801
0.00100667903351
0.00100432369563
0.00100195847667
0.000999583348771
0.000997198283976
0.000994804365009
0.000992401563688
0.000989989851727
0.000987569200735
0.000985139582216
0.000982700967569
0.000980253328087
0.000977796634956
0.000975330859255
0.000972855971957
0.000970373049528
0.000967882062738
0.000965382982263
0.000962875778685
0.000960360422487
0.00095783688406
0.000955305133697
0.000952765141593
0.000950216877847
0.000947660312462
0.000945096513541
0.000942525450903
0.00093994709428
0.000937361413322
0.000934768377589
0.000932167956555
0.000929560119609
0.000926944836051
0.000924322075094
0.000921691805863
0.000919055086594
0.000916411886246
0.000913762173705
0.000911105917778
0.000908443087195
0.000905773650609
0.000903097576597
0.000900414833654
0.0008977253902
0.000895029214575
0.000892327353639
0.000889619775584
0.000886906448539
0.000884187340561
0.00088146241964
0.0008787316537
0.000875995010593
0.000873252458105
0.000870503963948
0.000867749495769
0.000864990087341
0.000862225706179
0.000859456319743
0.00085668189543
0.00085390240058
0.000851117802473
0.000848328068329
0.000845533165306
0.000842733060503
0.000839927720957
0.000837118166244
0.000834304363289
0.000831486278967
0.000828663880106
0.000825837133478
0.000823006005808
0.000820170463768
0.000817330473978
0.000814486003004
0.000811637017363
0.000808784520915
0.000805928480081
0.00080306886124
0.000800205630727
0.000797338754838
0.000794468199822
0.000791593931889
0.000788715917201
0.00078583412188
0.000782948512
0.000780060074592
0.000777168775653
0.000774274581146
0.000771377457002
0.000768477369114
0.000765574283344
0.000762668165516
0.00075975898142
0.000756846696808
0.000753931277397
0.000751013692066
0.00074809390647
0.000745171886236
0.000742247596967
0.000739321004238
0.000736392073597
0.000733460770564
0.000730527060634
0.000727590909268
0.000724652281905
0.000721712128148
0.000718770413388
0.000715827102994
0.000712882162317
0.000709935556689
0.000706987251424
0.000704037211814
0.00070108540313
0.000698131790625
0.000695176339528
0.000692219979247
0.00068926267498
0.000686304391913
0.000683345095222
0.000680384750071
0.000677423321608
0.000674460774974
0.000671497075292
0.000668532187674
0.000665566077218
0.000662599652405
0.000659632878316
0.000656665720025
0.000653698142602
0.000650730111115
0.000647761590622
0.000644792546179
0.000641822942834
0.000638852745629
0.000635881919598
0.000632911350969
0.000629941004772
0.000626970846041
0.00062400083981
0.000621030951117
0.000618061145
0.000615091386498
0.000612121640653
0.000609151872503
0.000606182047089
0.000603213027849
0.000600244779833
0.000597277268098
0.00059431045771
0.000591344313745
0.000588378801285
0.000585413885419
0.000582449531246
0.000579485703868
0.000576522368395
0.000573560364943
0.000570599658643
0.000567640214642
0.000564681998101
0.000561724974196
0.000558769108116
0.000555814365066
0.000552860710263
0.000549908108934
0.000546956526324
0.000544006778285
0.000541058830094
0.000538112647046
0.000535168194459
0.000532225437672
0.000529284342042
0.000526344872947
0.000523406995783
0.000520470675965
0.000517535878928
0.000514603395722
0.000511673191827
0.000508745232747
0.000505819484016
0.000502895911191
0.000499974479856
0.00049705515562
0.000494137904116
0.000491222691003
0.000488309481963
0.000485399043101
0.000482491340156
0.000479586338898
0.00047668400513
0.000473784304685
0.000470887203428
0.000467992667254
0.00046510066209
0.000462211153889
0.000459324108638
0.000456440266549
0.000453559593674
0.000450682056102
0.000447807619958
0.000444936251405
0.00044206791664
0.000439202581898
0.000436340213448
0.000433480777594
0.000430624240675
0.000427771317064
0.000424921973176
0.000422076175469
0.000419233890442
0.000416395084635
0.00041355972463
0.000410727777049
0.000407899208555
0.00040507398585
0.000402252075675
0.000399434166011
0.000396620223685
0.000393810215571
0.00039100410859
0.000388201869709
0.00038540346594
0.000382608864339
0.000379818032009
0.000377030936096
0.000374247543791
0.000371468516527
0.000368693821589
0.000365923426315
0.00036315729809
0.000360395404352
0.000357637712588
0.000354884190335
0.000352134805177
0.00034938952475
0.000346648316736
0.000343911815864
0.000341179989922
0.00033845280675
0.000335730234244
0.000333012240353
0.000330298793082
0.000327589860487
0.00032488541068
0.000322185411823
0.000319489832132
0.000316799279474
0.000314113722177
0.000311433128626
0.000308757467266
0.000306086706597
0.000303420815181
0.000300759761633
0.000298103514629
0.000295452042899
0.00029280531523
0.000290163912464
0.000287527803508
0.000284896957328
0.000282271342954
0.000279650929478
0.000277035686052
0.00027442558189
0.000271820586265
0.000269220668512
0.000266625798023
0.000264036528653
0.000261452829921
0.00025887467141
0.000256302022772
0.000253734853721
0.000251173134035
0.00024861683356
0.000246065922201
0.00024352036993
0.00024098014678
0.000238445779648
0.000235917238699
0.000233394494168
0.000230877516356
0.000228366275633
0.000225860742438
0.000223360887275
0.000220866680716
0.0002183780934
0.000215895096029
0.000213418188776
0.000210947342481
0.000208482528057
0.00020602371649
0.000203570878833
0.000201123986213
0.000198683009823
0.00019624792093
0.000193818690866
0.000191395291036
0.000188978194711
0.000186567373437
0.000184162798834
0.000181764442595
0.000179372276486
0.000176986272348
0.000174606402092
0.000172232637702
0.000169864951234
0.000167503314816
0.000165148175247
0.000162799504802
0.000160457275833
0.000158121460766
0.000155792032105
0.000153468962427
0.000151152224386
0.000148841790708
0.000146537634196
0.000144239727724
0.000141948491643
0.000139663898979
0.000137385922838
0.000135114536404
0.000132849712938
0.000130591425778
0.000128339648341
0.000126094354118
0.000123855516677
0.000121623109663
0.000119397527397
0.000117178743677
0.000114966732386
0.000112761467483
0.000110562923008
0.00010837107308
0.000106185891895
0.000104007353731
0.000101835432941
9.96701039581e-05
9.75117354912e-05
9.53603021323e-05
9.32157785548e-05
9.10781395132e-05
8.89473598434e-05
8.68234144619e-05
8.47062783654e-05
8.25959266312e-05
8.0492334416e-05
7.83954769566e-05
7.63056971686e-05
7.42229704512e-05
7.21472722865e-05
7.00785782394e-05
6.80168639572e-05
6.59621051695e-05
6.39142776876e-05
6.18733574045e-05
5.98393202946e-05
5.7812142413e-05
5.57921416959e-05
5.37792943638e-05
5.17735767215e-05
4.97749651578e-05
4.77834361448e-05
4.57989662384e-05
4.38215320774e-05
4.18511103835e-05
3.98876779607e-05
3.79312116957e-05
3.59816885569e-05
3.40390855944e-05
3.21037849401e-05
3.01757638115e-05
2.82549995119e-05
2.63414694302e-05
2.44351510402e-05
2.25360219008e-05
2.06440596554e-05
1.87592420319e-05
1.68815468422e-05
1.5010951982e-05
1.31474354308e-05
1.12909752511e-05
9.44189138881e-06
7.60016207644e-06
5.76576563318e-06
3.9386804645e-06
2.11888506197e-06
3.06358002951e-07
-1.49892204962e-06
-3.2969763475e-06
-5.08782605739e-06
-6.87149226116e-06
-8.64799595613e-06
-1.04173580553e-05
-1.21792935876e-05
-1.39338232946e-05
-1.56809678305e-05
-1.74207477627e-05
-1.9153183572e-05
-2.08782956526e-05
-2.25961043124e-05
-2.43066297736e-05
-2.60098921724e-05
-2.77059115596e-05
-2.93947079008e-05
-3.10763010766e-05
-3.27504400825e-05
-3.44171446266e-05
-3.60764343292e-05
-3.77283287237e-05
-3.93728472561e-05
-4.10100092855e-05
-4.26398340848e-05
-4.42623408403e-05
-4.58775486519e-05
-4.74854765341e-05
-4.90861434153e-05
-5.06795681385e-05
-5.22655322617e-05
-5.38440544546e-05
-5.54151532998e-05
-5.69788472921e-05
-5.85351548394e-05
-6.00840942625e-05
-6.16256837956e-05
-6.31599415862e-05
-6.46868856957e-05
-6.62065340992e-05
-6.77189046859e-05
-6.92240152596e-05
-7.07216791385e-05
-7.22119139529e-05
-7.36947372459e-05
-7.51701664735e-05
-7.66382190042e-05
-7.809891212e-05
-7.95522630162e-05
-8.09982888017e-05
-8.2437006499e-05
-8.38684330447e-05
-8.52924696897e-05
-8.67091331976e-05
-8.81184402454e-05
-8.95204074235e-05
-9.09150512359e-05
-9.23023881003e-05
-9.36824343483e-05
-9.50552062261e-05
-9.64207198937e-05
-9.7778991426e-05
-9.91299124127e-05
-0.000100473498757
-0.000101809766275
-0.000103138730697
-0.000104460407669
-0.000105774812749
-0.00010708196141
-0.000108381869039
-0.000109674550941
-0.000110960022331
-0.000112238194342
-0.000113509082021
-0.00011477270033
-0.000116029064142
-0.000117278188249
-0.000118520087355
-0.000119754776079
-0.000120982268957
-0.000122202580437
-0.000123415724887
-0.000124621632587
-0.000125820317732
-0.000127011794434
-0.00012819607672
-0.000129373178529
-0.00013054311372
-0.000131705896064
-0.00013286153925
-0.000134010056882
-0.000135151462481
-0.000136285704882
-0.000137412797439
-0.00013853275342
-0.000139645586008
-0.000140751308304
-0.000141849933325
-0.000142941474003
-0.000144025943188
-0.000145103353647
-0.000146173718063
-0.000147237003235
-0.000148293221682
-0.000149342385836
-0.00015038450805
-0.000151419600589
-0.000152447675641
-0.000153468745306
-0.000154482821606
-0.000155489916477
-0.000156490041776
-0.000157483181876
-0.000158469348468
-0.000159448553161
-0.000160420807483
-0.000161386122879
-0.000162344510712
-0.000163295982264
-0.000164240548738
-0.000165178221251
-0.000166109010842
-0.000167032918469
-0.000167949955007
-0.000168860131252
-0.000169763457919
-0.000170659945641
-0.000171549604973
-0.000172432446386
-0.000173308480275
-0.00017417771695
-0.000175040166647
-0.000175895846316
-0.000176744766031
-0.000177586935786
-0.000178422365494
-0.00017925106499
-0.000180073044031
-0.000180888312291
-0.000181696879369
-0.000182498754782
-0.000183293947971
-0.000184082491296
-0.000184864394041
-0.000185639665409
-0.000186408314528
-0.000187170350446
-0.000187925782133
-0.000188674618483
-0.00018941686831
-0.000190152540353
-0.000190881643272
-0.000191604224049
-0.000192320291192
-0.00019302985313
-0.000193732918215
-0.000194429494724
-0.000195119590857
-0.000195803214739
-0.000196480374416
-0.00019715107786
-0.000197815332967
-0.000198473200956
-0.000199124689571
-0.000199769806483
-0.000200408559286
-0.000201040955497
-0.000201667002564
-0.000202286707854
-0.000202900078664
-0.000203507122214
-0.000204107845649
-0.000204702323443
-0.000205290562592
-0.000205872570022
-0.000206448352585
-0.000207017917057
-0.000207581270145
-0.000208138418479
-0.000208689368619
-0.000209234127051
-0.000209772700187
-0.000210305175167
-0.000210831558261
-0.000211351855663
-0.0002118660735
-0.000212374217824
-0.000212876294618
-0.000213372309792
-0.000213862269185
-0.000214346178565
-0.000214824043628
-0.0002152959638
-0.000215761944636
-0.000216221991622
-0.000216676110174
-0.000217124305637
-0.000217566583288
-0.000218002948333
-0.000218433405908
-0.000218857961082
-0.000219276618852
-0.000219689489747
-0.000220096578626
-0.000220497890283
-0.000220893429441
-0.000221283200757
-0.000221667208819
-0.000222045458147
-0.000222417953195
-0.000222784698347
-0.000223145697921
-0.000223501073367
-0.000223850828867
-0.000224194968539
-0.000224533496435
-0.000224866416539
-0.000225193732771
-0.000225515448984
-0.000225831568965
-0.000226142096436
-0.000226447035051
-0.000226746516402
-0.000227040544012
-0.000227329121344
-0.000227612251795
-0.000227889938697
-0.00022816218532
-0.000228428994868
-0.000228690370483
-0.000228946315241
-0.000229196832155
-0.000229442062175
-0.000229682008187
-0.000229916673015
-0.000230146059423
-0.000230370170111
-0.000230589007717
-0.000230802574816
-0.000231010873924
-0.000231213907492
-0.00023141167791
-0.000231604334907
-0.00023179188075
-0.000231974317648
-0.000232151647748
-0.000232323873136
-0.000232490995842
-0.000232653017832
-0.000232809941014
-0.000232961767234
-0.000233108498281
-0.000233250292081
-0.000233387150304
-0.000233519074561
-0.000233646066404
-0.000233768127329
-0.000233885258773
-0.000233997462114
-0.000234104738674
-0.000234207089714
-0.000234304516441
-0.000234397184401
-0.000234485094685
-0.000234568248327
-0.000234646646308
-0.000234720289548
-0.000234789178917
-0.000234853315223
-0.000234912699224
-0.000234967331616
-0.000235017213045
-0.000235062516096
-0.000235103241303
-0.000235139389146
-0.00023517096005
-0.000235197954387
-0.000235220372475
-0.000235238214576
-0.000235251480903
-0.00023526017161
-0.0002352642868
-0.000235264005321
-0.000235259327171
-0.000235250252293
-0.000235236780582
-0.000235218911878
-0.000235196645972
-0.0002351699826
-0.00023513892145
-0.000235103462156
-0.000235063604299
-0.000235019532612
-0.000234971246575
-0.000234918745619
-0.000234862029128
-0.000234801096432
-0.000234735946815
-0.00023466657951
-0.0002345929937
-0.000234515188519
-0.00023443316305
-0.00023434710713
-0.000234257019743
-0.000234162899831
-0.000234064746284
-0.000233962557948
-0.000233856333619
-0.000233746072047
-0.000233631771934
-0.000233513431935
-0.000233391050656
-0.000233264822656
-0.000233134746451
-0.000233000820507
-0.00023286304325
-0.000232721413056
-0.000232575928259
-0.000232426587146
-0.000232273387959
-0.000232116328895
-0.000231955408104
-0.000231790824293
-0.000231622575523
-0.000231450659814
-0.000231275075143
-0.000231095819442
-0.000230912890601
-0.000230726286467
-0.000230536004843
-0.000230342043489
-0.000230144400122
-0.000229943276815
-0.0002297386712
-0.000229530580869
-0.000229319003373
-0.000229103936219
-0.000228885376878
-0.000228663322775
-0.000228437771297
-0.000228208719789
-0.000227976165554
-0.000227740313854
-0.000227501161914
-0.000227258706918
-0.000227012946011
-0.0002267638763
-0.000226511494855
-0.000226255798702
-0.000225996784833
-0.000225734450199
-0.00022546879171
-0.000225200017241
-0.000224928123626
-0.000224653107665
-0.000224374966121
-0.000224093695718
-0.000223809293147
-0.00022352175506
-0.00022323107807
-0.000222937258757
-0.000222640293661
-0.000222340392687
-0.000222037552305
-0.000221731768948
-0.000221423039018
-0.00022111135888
-0.000220796724866
-0.00022047913327
-0.000220158580355
-0.000219835062347
-0.000219508575437
-0.000219179331183
-0.000218847325707
-0.000218512555103
-0.000218175015428
-0.00021783470271
-0.000217491612942
-0.000217145742086
-0.000216797086069
-0.000216445640788
-0.000216091402104
-0.000215734582649
-0.000215375178222
-0.000215013184591
-0.000214648597496
-0.000214281412644
-0.000213911625713
-0.00021353923235
-0.000213164228171
-0.000212786608761
-0.000212406369675
-0.000212023724437
-0.000211638668543
-0.000211251197459
-0.000210861306624
-0.000210468991449
-0.000210074247314
-0.000209677069574
-0.000209277453553
-0.000208875394545
-0.000208470887819
-0.000208064147012
-0.000207655167337
-0.000207243943978
-0.000206830472095
-0.000206414746821
-0.000205996763261
-0.000205576516495
-0.000205154001576
-0.00020472921353
-0.000204302147356
-0.000203873016427
-0.000203441815691
-0.000203008540073
-0.000202573184471
-0.000202135743761
-0.000201696212793
-0.000201254586393
-0.000200810859362
-0.000200365026476
-0.000199917082487
-0.000199467240523
-0.000199015495287
-0.000198561841461
-0.000198106273706
-0.000197648786657
-0.000197189374931
-0.000196728033117
-0.000196264755786
-0.000195799537484
-0.000195332372734
-0.000194863473637
-0.000194392834673
-0.000193920450301
-0.000193446314961
-0.000192970423071
-0.000192492769029
-0.000192013347212
-0.000191532151976
-0.000191049177656
-0.000190564418568
-0.000190078085403
-0.000189590172439
-0.000189100673929
-0.000188609584113
-0.000188116897209
-0.000187622607418
-0.000187126708919
-0.000186629195876
-0.000186130062433
-0.000185629302712
-0.000185127126019
-0.000184623526444
-0.000184118498056
-0.000183612034911
-0.000183104131048
-0.000182594780486
-0.00018208397723
-0.000181571715266
-0.000181057988565
-0.000180542791079
-0.000180026330142
-0.000179508599675
-0.000178989593584
-0.000178469305758
-0.000177947730073
-0.000177424860388
-0.000176900690549
-0.000176375214385
-0.000175848425711
-0.000175320318323
-0.000174791097207
-0.000174260756131
-0.000173729288854
-0.000173196689117
-0.000172662950652
-0.000172128067175
-0.00017159203239
-0.000171054839986
-0.000170516483639
-0.000169976957013
-0.000169436462556
-0.000168894993905
-0.000168352544685
-0.000167809108512
-0.000167264678988
-0.000166719249703
-0.000166172814238
-0.000165625366158
-0.000165076899021
-0.000164527406369
-0.000163977087934
-0.000163425937237
-0.00016287394779
-0.000162321113095
-0.000161767426645
-0.00016121288192
-0.000160657472394
-0.000160101191527
-0.000159544032772
-0.000158985989569
-0.000158427258549
-0.000157867833135
-0.000157307706741
-0.000156746872773
-0.00015618532463
-0.0001556230557
-0.000155060059365
-0.000154496328997
-0.00015393185796
-0.000153366639608
-0.000152800867289
-0.000152234534341
-0.000151667634099
-0.000151100159887
-0.000150532105027
-0.000149963462831
-0.000149394226605
-0.000148824389647
-0.000148253945251
-0.000147682886699
-0.000147111403871
-0.000146539490038
-0.000145967138468
-0.000145394342424
-0.000144821095161
-0.000144247389933
-0.000143673219984
-0.000143098578557
-0.000142523458886
-0.000141947854202
-0.000141371950527
-0.000140795741084
-0.000140219219087
-0.000139642377752
-0.000139065210286
-0.000138487709896
-0.000137909869784
-0.000137331683146
-0.000136753143177
-0.000136174243066
-0.000135595164798
-0.000135015901557
-0.000134436446522
-0.000133856792874
-0.000133276933787
-0.000132696862437
-0.000132116571994
-0.000131536055628
-0.000130955306504
-0.000130374317786
-0.000129793267434
-0.000129212148609
-0.000128630954469
-0.000128049678172
-0.000127468312877
-0.000126886851738
-0.000126305287912
-0.000125723614551
-0.000125141824809
-0.000124559911836
-0.000123978049182
-0.000123396229998
-0.000122814447435
-0.000122232694643
-0.000121650964775
-0.000121069250981
-0.000120487546415
-0.000119905844229
-0.000119324137573
-0.000118742419602
-0.000118160859466
-0.00011757945032
-0.00011699818532
-0.000116417057622
-0.000115836060385
-0.000115255186771
-0.000114674429941
-0.000114093783058
-0.000113513239287
-0.000112932791794
-0.000112352605145
-0.000111772672512
-0.000111192987067
-0.000110613541985
-0.000110034330446
-0.000109455345631
-0.000108876580724
-0.000108298028913
-0.000107719683386
-0.000107141537335
-0.000106563750554
-0.000105986316242
-0.0001054092276
-0.000104832477836
-0.00010425606016
-0.000103679967787
-0.000103104193934
-0.000102528731823
-0.000101953574681
-0.000101378715736
-0.000100804310021
-0.000100230350775
-9.96568312401e-05
-9.90837446656e-05
-9.8511084305e-05
-9.79388434169e-05
-9.73670152649e-05
-9.67955931173e-05
-9.62245702475e-05
-9.56539399333e-05
-9.50838520573e-05
-9.45142999083e-05
-9.39452767818e-05
-9.3376775979e-05
-9.28087908076e-05
-9.22413145812e-05
-9.16743406197e-05
-9.11078622484e-05
-9.05418727989e-05
-8.99763656084e-05
-8.94114858196e-05
-8.88472267828e-05
-8.82835818555e-05
-8.77205444026e-05
-8.71581077959e-05
-8.65962654145e-05
-8.60350106442e-05
-8.54743368782e-05
-8.4914237516e-05
-8.43547059642e-05
-8.3795882036e-05
-8.32377591529e-05
-8.26803307447e-05
-8.21235902494e-05
-8.15675311129e-05
-8.10121467895e-05
-8.0457430741e-05
-7.99033764374e-05
-7.93499773563e-05
-7.87972269831e-05
-7.82452602109e-05
-7.76940705419e-05
-7.71436514875e-05
-7.65939965682e-05
-7.60450993134e-05
-7.54969532614e-05
-7.49495519596e-05
-7.4402888964e-05
-7.38569578391e-05
-7.33117521583e-05
-7.27674015035e-05
-7.22238994665e-05
-7.16812396493e-05
-7.11394156636e-05
-7.0598421131e-05
-7.00582496831e-05
-6.9518894961e-05
-6.89803506152e-05
-6.84426103061e-05
-6.79056677034e-05
-6.73696470863e-05
-6.68345421446e-05
-6.63003465791e-05
-6.57670541014e-05
-6.52346584333e-05
-6.47031533077e-05
-6.41725324676e-05
-6.36427896665e-05
-6.31139186684e-05
-6.25859132473e-05
-6.20588923875e-05
-6.1532849885e-05
-6.10077795473e-05
-6.04836751931e-05
-5.99605306527e-05
-5.94383397677e-05
-5.89170963908e-05
-5.8396794386e-05
-5.78774276282e-05
-5.73589900036e-05
-5.68415954089e-05
-5.63252377535e-05
-5.58099109588e-05
-5.52956089583e-05
-5.47823256978e-05
-5.42700551348e-05
-5.37587912389e-05
-5.32485279914e-05
-5.27392593856e-05
-5.22309794264e-05
-5.17237965303e-05
-5.12177047267e-05
-5.07126980579e-05
-5.0208770579e-05
-4.97059163578e-05
-4.92041294745e-05
-4.87034040223e-05
-4.82037341066e-05
-4.77051138452e-05
-4.72075373684e-05
-4.67111078188e-05
-4.62158193522e-05
-4.57216661384e-05
-4.52286423599e-05
-4.47367422131e-05
-4.42459599071e-05
-4.37562896646e-05
-4.32677257212e-05
-4.27802623254e-05
-4.22938937388e-05
-4.1808718036e-05
-4.13247295054e-05
-4.08419224495e-05
-4.03602911847e-05
-3.98798300413e-05
-3.94005333632e-05
-3.89223955082e-05
-3.84454108476e-05
-3.79695737664e-05
-3.7494878663e-05
-3.70214181493e-05
-3.65491866518e-05
-3.60781786113e-05
-3.56083884831e-05
-3.51398107368e-05
-3.46724398564e-05
-3.420627034e-05
-3.37412966997e-05
-3.3277513462e-05
-3.28149151672e-05
-3.23535893696e-05
-3.18935306384e-05
-3.14347335579e-05
-3.0977192727e-05
-3.05209027597e-05
-3.00658582844e-05
-2.96120539444e-05
-2.91594843975e-05
-2.87081443161e-05
-2.82580283869e-05
-2.78092189112e-05
-2.73617106057e-05
-2.69154982022e-05
-2.6470576448e-05
-2.60269401053e-05
-2.55845839519e-05
-2.51435027801e-05
-2.47036913976e-05
-2.4265144627e-05
-2.38278573057e-05
-2.33919066859e-05
-2.29572876357e-05
-2.25239950386e-05
-2.2092023794e-05
-2.16613688167e-05
-2.12320250371e-05
-2.08039874008e-05
-2.03772508691e-05
-1.99518104183e-05
-1.95276610403e-05
-1.91048749419e-05
-1.86834471461e-05
-1.82633726919e-05
-1.7844646634e-05
-1.74272640433e-05
-1.70112200064e-05
-1.65965096256e-05
-1.61831280189e-05
-1.57710703199e-05
-1.5360331678e-05
-1.49509794579e-05
-1.45430088408e-05
-1.41364150239e-05
-1.3731193221e-05
-1.33273386616e-05
-1.29248465917e-05
-1.2523712273e-05
-1.21239309835e-05
-1.17254980169e-05
-1.13284086829e-05
-1.09327251069e-05
-1.05384426309e-05
-1.01455566135e-05
-9.75406242959e-06
-9.36395547049e-06
-8.97523114387e-06
-8.58788487368e-06
-8.20191210006e-06
-7.81730827936e-06
-7.434068884e-06
-7.05225140251e-06
-6.67185134012e-06
-6.29286421876e-06
-5.915285577e-06
-5.53911096998e-06
-5.16433596937e-06
-4.79095616333e-06
-4.41896715643e-06
-4.0483645696e-06
-3.67914404012e-06
-3.31135822153e-06
-2.94500278424e-06
-2.58007341553e-06
-2.21656581944e-06
-1.85447571677e-06
-1.49379884498e-06
-1.13453095819e-06
-7.76667827105e-07
-4.2020523895e-07
-6.51389974508e-08
2.88482877232e-07
6.40664547936e-07
9.91410160542e-07
1.34072384403e-06
1.68860971052e-06
2.03507185532e-06
2.38011435699e-06
2.72374127736e-06
3.06595666161e-06
3.40676453831e-06
3.74612131944e-06
4.08403099991e-06
4.42049755759e-06
4.75552495337e-06
5.08911713119e-06
5.4212780181e-06
5.75201152429e-06
6.08132154316e-06
6.40921195135e-06
6.73568660878e-06
7.06070655871e-06
7.38427562728e-06
7.70639762354e-06
8.02707633952e-06
8.34631555024e-06
8.66411901378e-06
8.98049047134e-06
9.29543364722e-06
9.60895224896e-06
9.92104996728e-06
1.02316922762e-05
1.05408828326e-05
1.08486252763e-05
1.115492323e-05
1.14597802994e-05
1.17632000734e-05
1.20651861237e-05
1.23657420055e-05
1.26648712567e-05
1.29625773989e-05
1.32588301364e-05
1.3553632957e-05
1.38469893309e-05
1.41389027115e-05
1.44293765353e-05
1.47184142218e-05
1.50060191734e-05
1.52921947759e-05
1.5576944398e-05
1.5860271392e-05
1.61421494931e-05
1.64225820196e-05
1.67015722727e-05
1.69791235367e-05
1.7255239079e-05
1.75299221499e-05
1.78031759831e-05
1.80750037953e-05
1.83454087864e-05
1.86143941396e-05
1.88819378215e-05
1.91480429816e-05
1.94127127525e-05
1.96759502498e-05
1.99377585724e-05
2.01981408022e-05
2.04571000046e-05
2.0714639228e-05
2.09707615041e-05
2.1225469848e-05
2.14787460582e-05
2.17305931161e-05
2.19810139866e-05
2.22300116176e-05
2.24775889403e-05
2.27237488691e-05
2.29684943019e-05
2.32118281199e-05
2.34537531875e-05
2.36942723526e-05
2.39333712468e-05
2.41710526846e-05
2.4407319464e-05
2.46421743664e-05
2.48756201564e-05
2.51076595823e-05
2.53382953755e-05
2.55675302512e-05
2.57953669078e-05
2.60218080275e-05
2.62468426759e-05
2.64704735021e-05
2.66927031388e-05
2.69135342019e-05
2.71329692912e-05
2.73510109898e-05
2.75676618644e-05
2.77829244657e-05
2.79968013274e-05
2.82092949676e-05
2.84203982875e-05
2.86301137724e-05
2.8838443891e-05
2.90453910958e-05
2.92509578229e-05
2.94551464922e-05
2.96579595076e-05
2.98593992565e-05
3.00594681102e-05
3.02581684239e-05
3.04554963368e-05
3.06514541719e-05
3.08460442358e-05
3.10392688194e-05
3.12311301973e-05
3.1421630628e-05
3.16107723541e-05
3.17985576023e-05
3.19849885831e-05
3.21700674912e-05
3.23537939053e-05
3.25361699883e-05
3.2717197887e-05
3.28968797326e-05
3.30752176403e-05
3.32522137095e-05
3.34278700237e-05
3.36021886508e-05
3.37751716429e-05
3.39468210363e-05
3.41171396516e-05
3.4286129494e-05
3.44537925526e-05
3.46201308013e-05
3.47851461982e-05
3.49488406858e-05
3.51112161912e-05
3.52722746258e-05
3.54320178857e-05
3.55904478512e-05
